date,open,high,low,close,volume,amount,turn,pctChg
2020-01-02,12.46046771,12.66329681,12.40637995,12.56864323,65295784,1212361334.0,0.3959,1.863
2020-01-03,12.53483838,12.63625293,12.49427256,12.54836032,37696287,700669803.0,0.2286,-0.1614
2020-01-06,12.55512129,12.83908203,12.55512129,12.69710166,52721055,991890497.0,0.3197,1.1854
2020-01-07,12.6430139,12.89316979,12.6430139,12.72414554,41211016,779821412.0,0.2499,0.213
2020-01-08,12.73090651,12.75118942,12.40637995,12.40637995,50714951,940871707.0,0.3075,-2.4973
2020-01-09,12.5077945,12.53483838,12.34553122,12.4401848,30069595,552413305.0,0.1823,0.2725
2020-01-10,12.4401848,12.47398965,12.23059473,12.27792152,34367088,625213953.0,0.2084,-1.3043
2020-01-13,12.27792152,12.31172637,12.169746,12.29820443,36026676,651784424.0,0.2185,0.1652
2020-01-14,12.29820443,12.39285801,12.25763861,12.27116055,28169749,513547207.0,0.1708,-0.2199
2020-01-15,12.22383376,12.27116055,12.04128757,12.05480951,37584564,672149608.0,0.2279,-1.7631
2020-01-16,12.05480951,12.09537533,11.95339496,12.0345266,32941101,585244763.0,0.1998,-0.1683
2020-01-17,12.0345266,12.13594115,12.02776563,12.1021363,22027627,393522692.0,0.1336,0.5618
2020-01-20,12.04804854,12.06833145,11.87902429,11.9669169,36979608,654000049.0,0.2242,-1.1173
2020-01-21,11.88578526,11.8993072,11.77760974,11.84521944,27763162,486100783.0,0.1684,-1.017
2020-01-22,11.77760974,12.04128757,11.6964781,11.9669169,34153096,598814242.0,0.2071,1.0274
2020-01-23,11.86550235,11.86550235,11.58154161,11.68295616,41988547,726763556.0,0.2546,-2.3729
2020-02-03,10.52006932,10.86487879,10.52006932,10.80403006,77690417,1228063955.0,0.4711,-7.5232
2020-02-04,10.74318133,11.00685916,10.66881066,10.98657625,57349319,917855852.0,0.3478,1.6896
2020-02-05,10.93924946,11.0879908,10.83783491,10.97981528,37026680,601389705.0,0.2245,-0.0615
2020-02-06,11.00685916,11.04742498,10.91896655,11.00009819,34899366,566803572.0,0.2116,0.1847
2020-02-07,10.9527714,10.97305431,10.87163976,10.93924946,27354310,441758785.0,0.1659,-0.5532
2020-02-10,10.86487879,11.06094692,10.85135685,11.05418595,38257807,620270515.0,0.232,1.0507
2020-02-11,11.09475177,11.35166863,11.02714207,11.25701505,37698928,627473624.0,0.2286,1.8349
2020-02-12,11.22997117,11.27729796,11.17588341,11.25701505,18486888,307144699.0,0.1121,0.0
2020-02-13,11.2232102,11.37871251,11.18940535,11.20968826,17727383,295460753.0,0.1075,-0.4204
2020-02-14,11.17588341,11.31110281,11.16912244,11.30434184,17766744,295904620.0,0.1077,0.8444
2020-02-17,11.31110281,11.4260393,11.23673214,11.41927833,30304131,508498831.0,0.1838,1.0167
2020-02-18,11.45984415,11.45984415,11.27729796,11.31110281,30601921,512516692.0,0.1856,-0.9473
2020-02-19,11.26377602,11.29758087,11.21644923,11.2232102,24187506,402455190.0,0.1467,-0.777
2020-02-20,11.26377602,11.3584296,11.19616632,11.33138572,26959157,449940889.0,0.1635,0.9639
2020-02-21,11.33138572,11.3584296,11.27053699,11.31786378,29967695,501310846.0,0.1817,-0.1193
2020-02-24,11.33814669,11.34490766,11.16236147,11.17588341,33739252,559664001.0,0.2046,-1.2545
2020-02-25,11.0203811,11.08122983,10.92572752,10.97981528,33163073,539702936.0,0.2011,-1.7544
2020-02-26,10.89192267,11.23673214,10.86487879,11.12179565,37666984,619394130.0,0.2284,1.2931
2020-02-27,11.09475177,11.22997117,11.05418595,11.09475177,28009443,460602744.0,0.1698,-0.2432
2020-02-28,10.93924946,11.00685916,10.79726909,10.817552,38690345,622981227.0,0.2346,-2.4985
2020-03-02,10.90544461,11.25025408,10.90544461,11.22997117,45517819,748986045.0,0.276,3.8125
2020-03-03,11.3584296,11.36519057,11.20968826,11.33814669,44749730,747712509.0,0.2714,0.9633
2020-03-04,11.27053699,11.38547348,11.20292729,11.30434184,26293876,438830142.0,0.1594,-0.2982
2020-03-05,11.33138572,11.57478064,11.28405893,11.52745385,51946465,880177583.0,0.315,1.9737
2020-03-06,11.4260393,11.47336609,11.32462475,11.33814669,27765778,467448984.0,0.1684,-1.6422
2020-03-09,11.0879908,11.10151274,10.9527714,11.00685916,37708888,614699293.0,0.2287,-2.9219
2020-03-10,10.94601043,11.25701505,10.94601043,11.18940535,27085718,445116208.0,0.1642,1.6585
2020-03-11,11.16912244,11.25701505,11.10151274,11.10151274,18357018,303224983.0,0.1113,-0.7855
2020-03-12,11.04742498,11.06094692,10.93248849,10.99333722,17786408,289215796.0,0.1079,-0.9744
2020-03-13,10.72965939,10.97981528,10.62824484,10.83783491,28696974,456651998.0,0.174,-1.4145
2020-03-16,10.90544461,11.06094692,10.74318133,10.77022521,33365118,538017146.0,0.2023,-0.6238
2020-03-17,10.80403006,11.00009819,10.5471132,10.6147229,33532657,529392726.0,0.2033,-1.4438
2020-03-18,10.67557163,10.70937648,10.49302544,10.49302544,31533791,495344146.0,0.1912,-1.1465
2020-03-19,10.4795035,10.4795035,9.70875292,9.99271366,54685346,810917193.0,0.3316,-4.768
2020-03-20,10.0738453,10.18202082,9.94538687,10.06708433,29688464,441684509.0,0.18,0.7443
2020-03-23,9.78988456,10.14821597,9.74931874,9.99271366,24546212,361705907.0,0.1488,-0.7388
2020-03-24,10.16173791,10.60796193,10.12117209,10.53359126,42546804,650667724.0,0.258,5.4127
2020-03-25,10.67557163,10.72289842,10.5471132,10.60120096,23100969,362994821.0,0.1401,0.6419
2020-03-26,10.55387417,10.84459588,10.52683029,10.77698618,27091553,429933815.0,0.1643,1.6582
2020-03-27,10.87163976,11.02714207,10.77022521,11.00009819,25554077,413260220.0,0.155,2.0703
2020-03-30,10.87840073,11.39223445,10.79726909,11.20968826,63218087,1048076301.0,0.3833,1.9053
2020-03-31,11.26377602,11.27053699,10.96629334,10.97981528,24315750,398616847.0,0.1474,-2.0507
2020-04-01,10.95953237,11.07446886,10.79050812,10.817552,21911409,353596120.0,0.1329,-1.4778
2020-04-02,10.7499423,11.00685916,10.72965939,10.98657625,16966028,273497180.0,0.1029,1.5625
2020-04-03,10.87163976,11.0203811,10.87163976,10.89868364,12347987,199683229.0,0.0749,-0.8
2020-04-07,11.06094692,11.06094692,10.90544461,10.91220558,24022681,388921359.0,0.1457,0.1241
2020-04-08,10.8851617,10.93248849,10.83107394,10.91220558,13099060,210625828.0,0.0794,0.0
2020-04-09,10.93924946,10.93924946,10.817552,10.817552,12323749,197921024.0,0.0747,-0.8674
2020-04-10,10.87163976,10.87163976,10.72965939,10.74318133,13698784,218081633.0,0.0831,-0.6875
2020-04-13,10.70937648,10.79050812,10.68909357,10.71613745,10374409,164559223.0,0.0629,-0.2517
2020-04-14,10.69585454,10.9527714,10.69585454,10.93248849,20372803,327660475.0,0.1235,2.0189
2020-04-15,10.97981528,10.97981528,10.73642036,10.77022521,16659913,266735394.0,0.101,-1.4842
2020-04-16,10.74318133,10.87163976,10.72289842,10.817552,10667520,170354789.0,0.0647,0.4394
2020-04-17,10.85135685,10.89868364,10.80403006,10.83783491,16063007,257678702.0,0.0974,0.1875
2020-04-20,10.82431297,10.83783491,10.71613745,10.76346424,16388533,260890831.0,0.0994,-0.6862
2020-04-21,10.6823326,10.71613745,10.29019634,10.39161089,43775350,675948966.0,0.2654,-3.4548
2020-04-22,10.33076216,10.44569865,10.2766744,10.39837186,14802904,227259947.0,0.0898,0.0651
2020-04-23,10.39837186,10.43893768,10.31724022,10.3442841,12966186,198754493.0,0.0786,-0.5202
2020-04-24,10.33752313,10.39837186,10.22934761,10.24963052,16814231,256182199.0,0.102,-0.915
2020-04-27,10.31047925,10.4118938,10.28343537,10.35780604,13799747,211695497.0,0.0837,1.0554
2020-04-28,10.40513283,10.43893768,10.18878179,10.39161089,18769483,287007812.0,0.1138,0.3264
2020-04-29,10.38484992,10.64852775,10.35780604,10.58091805,20639299,322188527.0,0.1252,1.8217
2020-04-30,10.63500581,10.79726909,10.60120096,10.77022521,22938363,364632557.0,0.1391,1.7891
2020-05-06,10.59443999,10.66881066,10.53359126,10.66204969,23925718,374530843.0,0.1451,-1.0044
2020-05-07,10.63500581,10.6823326,10.49978641,10.66204969,23814721,372821157.0,0.1444,0.0
2020-05-08,10.66881066,10.76346424,10.58091805,10.72289842,21485221,339296057.0,0.1303,0.5707
2020-05-11,10.71613745,10.77698618,10.65528872,10.74318133,19052804,302145885.0,0.1155,0.1892
2020-05-12,10.7499423,10.85135685,10.72289842,10.79726909,22012152,351427387.0,0.1335,0.5035
2020-05-13,10.77698618,10.817552,10.69585454,10.7499423,15405966,244769701.0,0.0934,-0.4383
2020-05-14,10.77022521,10.78374715,10.71613745,10.72965939,12098259,192238567.0,0.0734,-0.1887
2020-05-15,10.72289842,10.92572752,10.71613745,10.83783491,21738123,348220702.0,0.1318,1.0082
2020-05-18,10.89868364,10.9527714,10.77698618,10.84459588,17638090,284175704.0,0.107,0.0624
2020-05-19,10.95953237,11.18940535,10.95953237,11.14883953,32434528,532688664.0,0.1967,2.8055
2020-05-20,11.14883953,11.18940535,11.00685916,11.06770789,16451895,269816156.0,0.0998,-0.7277
2020-05-21,11.10151274,11.11503468,10.9527714,10.95953237,14205797,231731363.0,0.0861,-0.9774
2020-05-22,10.99333722,10.99333722,10.75670327,10.75670327,18901137,302890887.0,0.1146,-1.8507
2020-05-25,10.8851617,10.93248849,10.77022521,10.8851617,10508427,168887149.0,0.0637,1.1942
2020-05-26,10.94601043,11.00685916,10.85135685,10.8851617,13826810,222927595.0,0.0838,0.0
2020-05-27,10.8851617,11.12179565,10.82431297,11.12179565,20482184,334065802.0,0.1242,2.1739
2020-05-28,11.09475177,11.21644923,11.05418595,11.11503468,16730482,275878676.0,0.1015,-0.0608
2020-05-29,11.11503468,11.12855662,11.01362013,11.07446886,17641355,288645041.0,0.107,-0.365
2020-06-01,11.05418595,11.2232102,11.04742498,11.19616632,22446831,369978639.0,0.1361,1.0989
2020-06-02,11.1556005,11.20292729,11.14207856,11.18264438,15594975,257615566.0,0.0946,-0.1208
2020-06-03,11.25025408,11.34490766,11.2232102,11.27053699,23207565,387834650.0,0.1407,0.786
2020-06-04,11.32462475,11.33814669,11.00685916,11.08122983,25025458,412201471.0,0.1518,-1.6797
2020-06-05,11.09475177,11.12179565,10.98657625,11.07446886,14362445,234549035.0,0.0871,-0.061
2020-06-08,11.14883953,11.28405893,11.11503468,11.25701505,27695403,458638740.0,0.1679,1.6484
2020-06-09,11.2908199,11.46660512,11.26377602,11.46660512,22922431,385481679.0,0.139,1.8619
2020-06-10,11.48012706,11.493649,11.2908199,11.31110281,22626761,380252361.0,0.1372,-1.3561
2020-06-11,11.30434184,11.34490766,11.03390304,11.0879908,39275181,647152233.0,0.2382,-1.9725
2020-06-12,10.9527714,11.06770789,10.8851617,11.00685916,45319971,733955436.0,0.2748,-0.7317
2020-06-15,10.94822622,10.95555435,10.66975728,10.70639793,35560103,523880003.0,0.2156,-2.7297
2020-06-16,10.80166362,10.80899175,10.70639793,10.73571045,21953589,321642906.0,0.1331,0.2738
2020-06-17,10.71372606,10.83097614,10.66975728,10.81631988,18642313,274130872.0,0.113,0.7509
2020-06-18,10.82364801,11.0654763,10.75036671,10.96288248,32350997,483466676.0,0.1962,1.355
2020-06-19,10.992195,11.09478882,10.91158557,10.96288248,23836202,357479856.0,0.1445,0.0
2020-06-22,10.95555435,10.99952313,10.80899175,10.83097614,21835813,324635559.0,0.1324,-1.2032
2020-06-23,10.8456324,10.8456324,10.71372606,10.73571045,16390672,240294551.0,0.0994,-0.8796
2020-06-24,10.7723511,10.85296053,10.6990698,10.75769484,16662190,245172960.0,0.101,0.2048
2020-06-29,10.74303858,10.74303858,10.54517907,10.54517907,24497955,353931099.0,0.1486,-1.9755
2020-06-30,10.58914785,10.6257885,10.48655403,10.52319468,27599958,396334407.0,0.1674,-0.2085
2020-07-01,10.54517907,10.80899175,10.53052281,10.80166362,30919881,451583169.0,0.1875,2.6462
2020-07-02,10.80166362,11.09478882,10.7723511,11.07280443,43545377,651023401.0,0.2641,2.5102
2020-07-03,11.08746069,11.73966426,11.08746069,11.63707044,79762419,1252632999.0,0.4837,5.096
2020-07-06,11.63707044,12.3845397,11.63707044,12.3845397,101830365,1685679212.0,0.6175,6.4232
2020-07-07,12.64102425,12.9707901,12.3112584,12.41385222,106417387,1831377065.0,0.6453,0.2367
2020-07-08,12.27461775,12.45049287,12.04011759,12.34789905,73468356,1229825004.0,0.4455,-0.5313
2020-07-09,12.35522718,12.71430555,12.28194588,12.48713352,65887941,1120619378.0,0.3995,1.1276
2020-07-10,12.46514913,12.46514913,12.04011759,12.06210198,49748009,826384759.0,0.3017,-3.4038
2020-07-13,12.0181332,12.30393027,11.88622686,12.17202393,51698533,855096067.0,0.3135,0.9113
2020-07-14,12.1646958,12.40652409,11.88622686,12.07675824,56335431,930256929.0,0.3416,-0.7827
2020-07-15,12.17202393,12.23064897,11.79096117,11.84225808,42453378,692592679.0,0.2574,-1.9417
2020-07-16,11.84225808,11.98149255,11.49783597,11.51249223,46946283,753196653.0,0.2847,-2.7847
2020-07-17,11.56378914,11.68103922,11.32196085,11.41722654,40673947,637229253.0,0.2466,-0.8275
2020-07-20,11.45386719,11.98149255,11.45386719,11.91553938,43135356,693419126.0,0.2616,4.3646
2020-07-21,11.98882068,12.02546133,11.77630491,11.85691434,24990378,404606250.89,0.1515,-0.492
2020-07-22,11.87889873,12.01080507,11.67371109,11.71035174,45259758,732122822.2,0.2745,-1.2361
2020-07-23,11.63707044,11.69569548,11.3586015,11.54913288,44112797,692493883.34,0.2675,-1.3767
2020-07-24,11.53447662,11.71035174,11.29997646,11.34394524,46971979,735562135.7,0.2848,-1.7766
2020-07-27,11.4318828,11.45386719,11.23402329,11.38791402,25746383,398393549.07,0.1561,0.3876
2020-07-28,11.41722654,11.63707044,11.37325776,11.42455467,31950389,500748943.16,0.1937,0.3218
2020-07-29,11.42455467,11.5051641,11.24867955,11.47585158,35708657,555848353.63,0.2165,0.449
2020-07-30,11.49783597,11.56378914,11.32196085,11.32196085,35535626,553367085.09,0.2155,-1.341
2020-07-31,11.35127337,11.46119532,11.21936703,11.23402329,59282265,914902506.72,0.3595,-0.7767
2020-08-03,11.2853202,11.45386719,11.2853202,11.42455467,46016410,715302793.14,0.279,1.696
2020-08-04,11.46852345,11.59310166,11.38791402,11.46119532,52183877,817292865.84,0.3164,0.3207
2020-08-05,11.46852345,11.49050784,11.30730459,11.37325776,33535291,520390647.45,0.2034,-0.7673
2020-08-06,11.38791402,11.40989841,11.2120389,11.32928898,40908995,630445432.51,0.2481,-0.3866
2020-08-07,11.31463272,11.39524215,11.23402329,11.25600768,27523827,424198766.06,0.1669,-0.6468
2020-08-10,11.25600768,11.35127337,11.1387576,11.32928898,33046907,507677138.42,0.2004,0.651
2020-08-11,11.34394524,11.45386719,11.24867955,11.26333581,33260192,515676876.42,0.2017,-0.5821
2020-08-12,11.2120389,11.40257028,11.20471077,11.39524215,31111867,479599684.74,0.1887,1.1711
2020-08-13,11.41722654,11.53447662,11.34394524,11.38058589,34953563,545481593.94,0.212,-0.1286
2020-08-14,11.36592963,11.46852345,11.30730459,11.45386719,26956415,419103737.3,0.1635,0.6439
2020-08-17,11.49050784,11.82027369,11.40989841,11.73233613,52627999,838424425.27,0.3191,2.4312
2020-08-18,11.725008,11.85691434,11.62241418,11.76897678,33262496,533604506.62,0.2017,0.3123
2020-08-19,11.76164865,11.86424247,11.66638296,11.725008,38669187,620737178.07,0.2345,-0.3736
2020-08-20,11.68836735,11.73966426,11.52714849,11.62241418,29056411,460670051.44,0.1762,-0.875
2020-08-21,11.63707044,11.66638296,11.54180475,11.59310166,23826455,377087301.04,0.1445,-0.2522
2020-08-24,11.64439857,11.82760182,11.60042979,11.67371109,31967918,512049904.63,0.1939,0.6953
2020-08-25,11.67371109,11.73966426,11.54180475,11.5784454,19167136,303953421.3,0.1162,-0.8161
2020-08-26,11.56378914,11.62974231,11.39524215,11.40257028,24777738,388765882.66,0.1502,-1.519
2020-08-27,11.46119532,11.48317971,11.32928898,11.38791402,25825507,401668987.11,0.1566,-0.1285
2020-08-28,11.39524215,11.64439857,11.37325776,11.61508605,35783737,562593873.03,0.217,1.9949
2020-08-31,11.68836735,11.98149255,11.67371109,11.84225808,62548032,1014381279.75,0.3793,1.9558
2020-09-01,11.80561743,11.85691434,11.68836735,11.83492995,28662829,460314900.13,0.1738,-0.0619
2020-09-02,11.81294556,11.84225808,11.60775792,11.69569548,25528161,408024742.5,0.1548,-1.1765
2020-09-03,11.71035174,11.83492995,11.6517267,11.7982893,31688426,508752372.75,0.1922,0.8772
2020-09-04,11.68836735,12.05477385,11.64439857,11.84958621,57653846,935349855.84,0.3496,0.4348
2020-09-07,11.90088312,12.06943011,11.76164865,11.77630491,46097706,746200902.71,0.2795,-0.6184
2020-09-08,11.82760182,12.10607076,11.79096117,12.08408637,63676902,1040767170.3,0.3861,2.6136
2020-09-09,12.00347694,12.14271141,11.87889873,11.91553938,43698046,714534727.97,0.265,-1.3948
2020-09-10,12.00347694,12.09874263,11.87889873,11.93019564,38204801,624343569.29,0.2317,0.123
2020-09-11,11.9448519,11.96683629,11.63707044,11.71767987,39720158,635710239.42,0.2409,-1.7813
2020-09-14,11.725008,11.77630491,11.63707044,11.76897678,23097598,368917278.68,0.1401,0.4378
2020-09-15,11.75432052,11.82760182,11.71767987,11.76897678,17023107,273391503.47,0.1032,0.0
2020-09-16,11.77630491,11.90821125,11.69569548,11.90821125,33732601,545343229.84,0.2046,1.1831
2020-09-17,11.90088312,12.00347694,11.80561743,11.83492995,23113170,375605896.71,0.1402,-0.6154
2020-09-18,11.90088312,12.22332084,11.83492995,12.20866458,59827898,987271625.31,0.3628,3.1579
2020-09-21,12.25263336,12.28927401,12.06210198,12.21599271,32583293,541914836.43,0.1976,0.06
2020-09-22,12.10607076,12.17935206,12.02546133,12.05477385,25096793,414469477.46,0.1522,-1.3197
2020-09-23,12.0914145,12.12072702,11.92286751,11.93752377,19316229,315889740.96,0.1171,-0.9726
2020-09-24,11.87889873,11.91553938,11.76164865,11.80561743,21830536,352189851.16,0.1324,-1.105
2020-09-25,11.86424247,12.04011759,11.86424247,11.96683629,22850039,372866661.58,0.1386,1.3656
2020-09-28,12.06943011,12.22332084,12.06210198,12.15003954,30193929,500545623.63,0.1831,1.5309
2020-09-29,12.20133645,12.23064897,12.07675824,12.09874263,21982589,364426334.75,0.1333,-0.4222
2020-09-30,12.12805515,12.18668019,12.00347694,12.06943011,25369177,419744953.88,0.1538,-0.2423
2020-10-09,12.20133645,12.31858653,12.0914145,12.15003954,33476576,556795330.78,0.203,0.6679
2020-10-12,12.1646958,12.34789905,12.14271141,12.26728962,37970965,634931866.13,0.2303,0.965
2020-10-13,12.2379771,12.39186783,12.15736767,12.30393027,27803685,464976957.76,0.1686,0.2987
2020-10-14,12.25996149,12.26728962,12.09874263,12.20866458,22315512,370865795.83,0.1353,-0.7743
2020-10-15,12.20866458,12.43583661,12.10607076,12.27461775,37732631,632770326.69,0.2288,0.5402
2020-10-16,12.3112584,12.5311023,12.25263336,12.47247726,49114368,833236930.1,0.2978,1.6119
2020-10-19,12.47980539,12.61903986,12.32591466,12.34057092,38745967,658308091.77,0.235,-1.0576
2020-10-20,12.32591466,12.39919596,12.20866458,12.31858653,25677366,430612561.38,0.1557,-0.1781
2020-10-21,12.3112584,12.33324279,12.21599271,12.27461775,24229690,405474981.41,0.1469,-0.3569
2020-10-22,12.24530523,12.3845397,12.20133645,12.34057092,26711834,447827167.4,0.162,0.5373
2020-10-23,12.3112584,12.35522718,12.20133645,12.22332084,24504795,409772176.33,0.1486,-0.9501
2020-10-26,12.25263336,12.30393027,12.12805515,12.1646958,22573852,375480419.16,0.1369,-0.4796
2020-10-27,12.15003954,12.36988344,12.11339889,12.25996149,27050299,452883955.65,0.164,0.7831
2020-10-28,12.30393027,12.31858653,12.12805515,12.1646958,21998791,366131927.29,0.1334,-0.777
2020-10-29,12.07675824,12.15003954,11.8715706,12.09874263,28261506,463029495.24,0.1714,-0.5422
2020-10-30,12.10607076,12.37721157,12.01080507,12.20133645,45204642,755694271.46,0.2741,0.848
2020-11-02,12.20133645,12.37721157,12.07675824,12.2379771,39005457,650157968.26,0.2365,0.3003
2020-11-03,12.23064897,12.35522718,12.21599271,12.33324279,31921488,535849508.94,0.1936,0.7784
2020-11-04,12.3112584,12.6043836,12.25263336,12.54575856,47236762,803536096.38,0.2864,1.7231
2020-11-05,12.58972734,12.71430555,12.457821,12.62636799,40779383,701630085.52,0.2473,0.6425
2020-11-06,12.67033677,13.10269644,12.66300864,13.06605579,73519866,1301363564.44,0.4458,3.4823
2020-11-09,13.11002457,13.24925904,12.99277449,13.13200896,61252967,1095217911.91,0.3714,0.5048
2020-11-10,13.15399335,13.31521221,12.94880571,13.08071205,46968691,837101537.48,0.2848,-0.3906
2020-11-11,13.07338392,13.38116538,12.98544636,13.190634,48846171,881174396.87,0.2962,0.8403
2020-11-12,13.08071205,13.10269644,12.8975088,12.98544636,31104240,551420010.4,0.1886,-1.5556
2020-11-13,12.9707901,13.00010262,12.70697742,12.80957124,30902998,540799630.32,0.1874,-1.3544
2020-11-16,12.91949319,13.16864961,12.89018067,13.0440714,41736761,742566494.5,0.2531,1.8307
2020-11-17,13.10269644,13.23460278,12.96346197,13.08071205,31611551,565579973.69,0.1917,0.2809
2020-11-18,13.05139953,13.14666522,12.86086815,13.03674327,25906494,460621796.82,0.1571,-0.3361
2020-11-19,13.00743075,13.1173527,12.81689937,12.91216506,28375191,499320862.51,0.1721,-0.9556
2020-11-20,12.91216506,13.01475888,12.76560246,12.99277449,23949523,421872785.61,0.1452,0.6243
2020-11-23,13.0440714,13.60833741,13.0440714,13.46910294,80549265,1469240961.6,0.4884,3.6661
2020-11-24,13.50574359,13.52039985,13.27857156,13.4837592,39490626,722947296.74,0.2395,0.1088
2020-11-25,13.6303218,13.93810326,13.47643107,13.49841546,66299644,1237169384.66,0.402,0.1087
2020-11-26,13.52039985,13.923447,13.49841546,13.89413448,62018375,1169508286.9,0.3761,2.9316
2020-11-27,13.87947822,14.15794716,13.69627497,14.1432909,60128004,1144292831.35,0.3646,1.7932
2020-11-30,14.17260342,14.78083821,14.01138456,14.37779106,94335541,1867697378.66,0.572,1.658
2020-12-01,14.4364161,14.7295413,14.25321285,14.46572862,58797090,1163530537.46,0.3565,0.6116
2020-12-02,14.4364161,14.68557252,14.31916602,14.64893187,41213404,817357350.93,0.2499,1.2665
2020-12-03,14.56832244,14.57565057,13.923447,13.97474391,61364893,1183398499.17,0.3721,-4.6023
2020-12-04,13.93810326,13.96008765,13.68161871,13.84283757,42287832,796893366.04,0.2564,-0.9439
2020-12-07,13.90879074,13.923447,13.42513416,13.54238424,50308691,934938813.5,0.3051,-2.1705
2020-12-08,13.59368115,13.67429058,13.42513416,13.4837592,28294296,521745200.32,0.1716,-0.4329
2020-12-09,13.61566554,13.89413448,13.56436863,13.6303218,47104276,882463587.12,0.2856,1.087
2020-12-10,13.69627497,13.81352505,13.5570405,13.58635302,30665190,572738257.31,0.186,-0.3226
2020-12-11,13.88680635,13.98207204,13.52039985,13.65230619,38402336,717913261.48,0.2329,0.4854
2020-12-14,13.190634,13.22727465,12.78758685,12.78758685,83711322,1476887178.16,0.5076,-6.3339
2020-12-15,12.8242275,12.94147758,12.64102425,12.94147758,47927085,838411858.51,0.2906,1.2034
2020-12-16,12.94147758,13.16132148,12.86819628,13.00010262,31266463,554228310.45,0.1896,0.453
2020-12-17,12.97811823,13.3371966,12.86819628,13.28589969,41890575,750424987.73,0.254,2.1984
2020-12-18,13.52039985,14.01138456,13.47643107,13.97474391,66101143,1244394905.55,0.4008,5.1848
2020-12-21,14.02604082,14.02604082,13.61566554,13.7768844,50552291,951779999.29,0.3065,-1.4158
2020-12-22,13.58635302,13.7036031,12.8975088,13.0440714,64659697,1168589975.6,0.3921,-5.3191
2020-12-23,13.02941514,13.22727465,12.94147758,13.15399335,35256467,629651175.04,0.2138,0.8427
2020-12-24,13.15399335,13.35918099,12.97811823,13.20529026,26746866,479626576.38,0.1622,0.39
2020-12-25,13.22727465,13.65963432,13.05872766,13.53505611,35843633,655845179.21,0.2174,2.4972
2020-12-28,13.64497806,13.75490001,13.36650912,13.59368115,33758989,623755099.88,0.2047,0.4331
2020-12-29,13.5570405,13.6303218,13.17597774,13.22727465,37770971,685010720.35,0.229,-2.6954
2020-12-30,13.16132148,13.37383725,13.12468083,13.21261839,28286602,511283420.6,0.1715,-0.1108
2020-12-31,13.21994652,13.27124343,13.03674327,13.19796213,50589055,906345114.26,0.3068,-0.1109
2021-01-04,13.13200896,13.24193091,13.06605579,13.18330587,35783696,642147048.83,0.217,-0.111
2021-01-05,13.20529026,13.20529026,12.72163368,12.93414945,49793708,874827211.02,0.3019,-1.8899
2021-01-06,12.91216506,13.15399335,12.89018067,13.15399335,42808236,761451148.95,0.2596,1.6997
2021-01-07,13.24925904,13.52772798,13.19796213,13.38116538,57742906,1052416187.31,0.3501,1.727
2021-01-08,13.46177481,13.65230619,13.30055595,13.65230619,57364121,1057530895.63,0.3479,2.0263
2021-01-11,13.64497806,13.65230619,13.1173527,13.23460278,62956382,1143421636.38,0.3818,-3.0596
2021-01-12,13.16132148,13.35185286,13.0440714,13.35185286,37533005,675929276.52,0.2276,0.8859
2021-01-13,13.38849351,13.923447,13.31521221,13.78421253,72549472,1349643378.38,0.4399,3.2382
2021-01-14,13.7036031,14.01138456,13.54971237,13.64497806,50160501,939145085.68,0.3042,-1.0101
2021-01-15,13.66696245,13.9967283,13.65963432,13.72558749,51260137,964641868.96,0.3108,0.5908
2021-01-18,13.73291562,14.02604082,13.61566554,13.86482196,49697855,940741259.65,0.3014,1.0144
2021-01-19,13.87947822,14.27519724,13.65230619,13.73291562,67163721,1276441131.97,0.4073,-0.9514
2021-01-20,13.63764993,13.85749383,13.52039985,13.78421253,42612096,794399627.78,0.2584,0.3735
2021-01-21,13.74024375,13.98207204,13.73291562,13.8501657,48788444,922631685.4,0.2958,0.4785
2021-01-22,13.85749383,13.85749383,13.43246229,13.67429058,44272028,820904540.66,0.2685,-1.2698
2021-01-25,13.5570405,13.5570405,13.28589969,13.37383725,35544115,649223707.47,0.2155,-2.1972
2021-01-26,13.37383725,13.53505611,13.190634,13.21994652,29870907,542755720.81,0.1811,-1.1507
2021-01-27,13.19796213,13.42513416,13.14666522,13.2639153,24496155,443931033.13,0.1485,0.3326
2021-01-28,13.17597774,13.17597774,12.9707901,13.01475888,26944859,479768358.02,0.1634,-1.8785
2021-01-29,13.02208701,13.17597774,12.68499303,12.7509462,29106763,512285858.92,0.1765,-2.027
2021-02-01,12.47980539,12.54575856,12.33324279,12.44316474,35979858,611073501.16,0.2182,-2.4138
2021-02-02,12.52377417,12.52377417,12.34789905,12.35522718,26160135,442854313.87,0.1586,-0.7067
2021-02-03,12.41385222,12.51644604,12.27461775,12.28927401,25595977,431602062.13,0.1552,-0.5338
2021-02-04,12.25996149,12.28927401,11.97416442,12.22332084,35878931,594150363.42,0.2176,-0.5367
2021-02-05,12.24530523,12.25996149,11.98149255,11.98149255,28978995,477271395.45,0.1757,-1.9784
2021-02-08,12.01080507,12.12072702,11.88622686,12.03278946,30502153,499856365.84,0.185,0.4281
2021-02-09,12.04011759,12.20866458,11.9448519,12.17935206,25941016,427899708.72,0.1573,1.218
2021-02-10,12.18668019,12.3112584,12.0914145,12.25996149,29990217,500135561.62,0.1819,0.6619
2021-02-18,12.5311023,12.80957124,12.5311023,12.76560246,51077200,884921246.24,0.3097,4.1243
2021-02-19,12.7509462,13.38849351,12.6043836,13.27124343,60639120,1080808976.42,0.3677,3.961
2021-02-22,13.32254034,14.26786911,13.32254034,13.84283757,90274902,1704116614.94,0.5474,4.307
2021-02-23,13.75490001,13.75490001,13.41780603,13.45444668,54433518,1010211247.86,0.3301,-2.8057
2021-02-24,13.52772798,13.7036031,13.22727465,13.28589969,34922611,640019946.0,0.2118,-1.2527
2021-02-25,13.50574359,13.69627497,13.40314977,13.57169676,35554104,657526103.06,0.2156,2.1511
2021-02-26,13.27124343,13.4837592,12.8975088,13.00743075,50044032,897791855.85,0.3035,-4.1577
2021-03-01,13.06605579,13.190634,12.90483693,13.05872766,36976546,658611373.34,0.2242,0.3944
2021-03-02,13.0440714,13.68161871,12.9707901,13.17597774,69453421,1259065300.54,0.4212,0.8979
2021-03-03,13.14666522,13.52039985,13.07338392,13.45444668,45498729,830235459.14,0.2759,2.1135
2021-03-04,13.39582164,13.44711855,13.13933709,13.2639153,40237261,728862272.06,0.244,-1.4161
2021-03-05,13.12468083,13.41780603,13.1173527,13.32254034,42356866,766490864.28,0.2568,0.442
2021-03-08,13.35185286,13.53505611,13.16864961,13.19796213,29839756,542010079.02,0.1809,-0.9351
2021-03-09,13.16864961,13.67429058,12.9707901,13.27857156,53739531,976813271.43,0.3259,0.6108
2021-03-10,13.30055595,13.44711855,13.1173527,13.16864961,35084025,634561489.17,0.2127,-0.8278
2021-03-11,13.15399335,13.43246229,13.13933709,13.39582164,30671702,556344243.96,0.186,1.7251
2021-03-12,13.40314977,13.923447,13.24193091,13.60833741,55529476,1028095548.04,0.3367,1.5864
2021-03-15,13.52039985,14.11397838,13.46910294,14.0700096,75052849,1427886477.54,0.4551,3.3926
2021-03-16,14.08466586,14.13596277,13.7768844,13.95275952,37025586,704548861.7,0.2245,-0.8333
2021-03-17,13.89413448,13.93810326,13.50574359,13.90146261,38686969,724392491.16,0.2346,-0.3676
2021-03-18,13.83550944,14.0700096,13.74024375,13.86482196,25677968,487765261.38,0.1557,-0.2636
2021-03-19,13.7036031,14.03336895,13.6303218,13.7036031,35584472,668647148.89,0.2158,-1.1628
2021-03-22,13.67429058,13.82818131,13.61566554,13.71093123,34232433,639912345.28,0.2076,0.0535
2021-03-23,13.71825936,13.76955627,13.21994652,13.28589969,39683577,724300813.53,0.2406,-3.0999
2021-03-24,13.22727465,13.24193091,12.97811823,13.02941514,24048494,429022634.66,0.1458,-1.9305
2021-03-25,13.02208701,13.30788408,12.97811823,13.2639153,21143828,380152591.37,0.1282,1.7998
2021-03-26,13.22727465,13.42513416,13.14666522,13.28589969,20974301,380100435.14,0.1272,0.1657
2021-03-29,14.23855659,14.61229122,14.04069708,14.61229122,131885339,2610904737.75,0.7997,9.9835
2021-03-30,14.65626,15.13258845,14.53168179,14.94205707,115828585,2344346558.34,0.7024,2.2568
2021-03-31,14.74419756,14.83946325,14.51702553,14.7295413,51300522,1026137287.16,0.3111,-1.4223
2021-04-01,14.73686943,14.77351008,14.45107236,14.56832244,35175082,698139729.06,0.2133,-1.0945
2021-04-02,14.61229122,14.64893187,14.4364161,14.49504114,23790025,470728578.22,0.1443,-0.503
2021-04-06,14.5096974,14.55366618,14.16527529,14.2898535,27857978,542686910.21,0.1689,-1.4156
2021-04-07,14.2898535,14.35580667,14.15794716,14.30450976,29290242,570501150.25,0.1776,0.1026
2021-04-08,14.3631348,14.48038488,14.18725968,14.30450976,28961327,566432109.51,0.1756,0.0
2021-04-09,14.26054098,14.45840049,14.18725968,14.29718163,29821749,583016922.43,0.1808,-0.0512
2021-04-12,14.34847854,14.42175984,14.16527529,14.3631348,32265765,629856319.3,0.1957,0.4613
2021-04-13,14.33382228,14.38511919,13.96741578,14.15794716,31502594,607856999.06,0.191,-1.4286
2021-04-14,14.2165722,14.34115041,14.09199399,14.31183789,22006921,427388776.72,0.1334,1.087
2021-04-15,14.32649415,14.60496309,14.2898535,14.48771301,32720678,644375711.55,0.1984,1.2289
2021-04-16,14.48038488,14.75152569,14.40710358,14.52435366,32647464,649164725.04,0.198,0.2529
2021-04-19,14.53168179,14.69290065,14.47305675,14.54633805,31178664,619415296.6,0.1891,0.1514
2021-04-20,14.47305675,14.68557252,14.32649415,14.57565057,24596370,487070984.72,0.1491,0.2015
2021-04-21,14.5096974,14.51702553,14.34115041,14.42908797,17409035,342650967.04,0.1056,-1.0055
2021-04-22,14.52435366,14.67091626,14.5096974,14.60496309,22773439,453576977.56,0.1381,1.2189
2021-04-23,14.54633805,14.54633805,14.27519724,14.32649415,28762639,563330646.79,0.1744,-1.9067
2021-04-26,14.20191594,14.38511919,14.0700096,14.09932212,45564501,883531260.57,0.2763,-1.5857
2021-04-27,14.08466586,14.12863464,13.74024375,13.9967283,35943390,684818660.1,0.218,-0.7277
2021-04-28,14.01138456,14.2898535,13.9967283,14.2898535,25362003,491265144.57,0.1538,2.0942
2021-04-29,14.27519724,14.47305675,14.05535334,14.38511919,29271601,568948191.47,0.1775,0.6667
2021-04-30,14.3631348,14.3631348,14.02604082,14.07733773,30489810,588251040.8,0.1849,-2.1396
2021-05-06,14.17993155,14.56832244,14.17993155,14.50236927,46977128,927098281.58,0.2849,3.0193
2021-05-07,14.55366618,14.91274455,14.48038488,14.67091626,58591041,1177431246.79,0.3553,1.1622
2021-05-10,14.8761039,15.37441674,14.76618195,15.36708861,76395288,1572084555.79,0.4633,4.7453
2021-05-11,15.07396341,15.22785414,14.55366618,15.04465089,63113541,1281352872.52,0.3827,-2.0982
2021-05-12,15.07396341,15.4623543,15.07396341,15.30846357,47112553,984240079.39,0.2857,1.7535
2021-05-13,15.0226665,15.13258845,14.70022878,14.79549447,37350682,757278564.0,0.2265,-3.3509
2021-05-14,14.78816634,14.93472894,14.55366618,14.62694748,38572771,773054007.49,0.2339,-1.1392
2021-05-17,14.67091626,14.91274455,14.51702553,14.8028226,31807778,640690777.28,0.1929,1.2024
2021-05-18,14.81747886,15.05197902,14.77351008,15.00068211,25276300,516577483.26,0.1533,1.3366
2021-05-19,15.00801024,15.00801024,14.70022878,14.8761039,18116921,365942812.99,0.1099,-0.8305
2021-05-20,14.52435366,14.57565057,14.15061903,14.37046293,47132486,923894891.95,0.2858,-3.399
2021-05-21,14.26786911,14.53900992,14.26786911,14.39977545,18528170,364743604.8,0.1124,0.204
2021-05-24,14.38511919,14.50236927,14.30450976,14.34847854,18518008,363777362.35,0.1123,-0.3562
2021-05-25,14.3631348,14.5096974,14.08466586,14.48038488,35941875,702224064.63,0.2179,0.9193
2021-05-26,14.46572862,14.5829787,14.3631348,14.53168179,17961304,355514405.83,0.1089,0.3543
2021-05-27,14.54633805,14.66358813,14.48771301,14.64160374,29668196,590520239.71,0.1799,0.7564
2021-05-28,14.65626,14.75885382,14.45840049,14.60496309,24068949,479238893.83,0.146,-0.2503
2021-05-31,14.61229122,14.67824439,14.53168179,14.64160374,15979529,318603299.65,0.0969,0.2509
2021-06-01,14.66358813,14.70755691,14.34847854,14.70755691,25043886,497693612.43,0.1519,0.4505
2021-06-02,14.70022878,14.79549447,14.5096974,14.77351008,31393292,628256151.64,0.1904,0.4484
2021-06-03,14.81747886,15.1692291,14.81747886,14.98602585,50595699,1036831627.52,0.3068,1.4385
2021-06-04,14.8028226,15.0226665,14.64160374,14.86144764,28469312,574892266.88,0.1726,-0.8313
2021-06-07,14.88343203,14.98602585,14.7295413,14.8761039,21710137,439705014.35,0.1316,0.0986
2021-06-08,14.84679138,14.92007268,14.71488504,14.81015073,19508895,394633940.13,0.1183,-0.4433
2021-06-09,14.86144764,15.19121349,14.79549447,15.05197902,33980693,698123848.04,0.2061,1.6329
2021-06-10,15.05197902,15.13991658,14.92007268,14.97136959,27240794,557940916.28,0.1652,-0.5355
2021-06-11,15.02999463,15.13258845,14.97869772,15.08129154,23989399,493311949.99,0.1455,0.7342
2021-06-15,15.16190097,15.19854162,14.74419756,14.8761039,27472118,559295552.88,0.1666,-1.3605
2021-06-16,14.95671333,15.17655723,14.83213512,15.00068211,26239502,538463197.44,0.1591,0.8374
2021-06-17,15.00068211,15.08861967,14.72221317,14.89076016,22963839,466838356.79,0.1393,-0.7328
2021-06-18,14.81747886,14.8761039,14.34847854,14.53900992,40067126,796371260.98,0.243,-2.3622
2021-06-21,14.42175984,14.42175984,14.20191594,14.26054098,28826933,562086738.84,0.1748,-1.9153
2021-06-22,14.27519724,14.39977545,14.15794716,14.23122846,28671158,558502742.06,0.1739,-0.2055
2021-06-23,14.31916602,14.56832244,14.24588472,14.56099431,32519398,640079611.31,0.1972,2.3172
2021-06-24,14.54633805,14.83946325,14.4364161,14.63427561,33389574,668381160.14,0.2025,0.5033
2021-06-25,14.71488504,14.94205707,14.70022878,14.89076016,30506026,617805098.98,0.185,1.7526
2021-06-28,14.63427561,14.64160374,14.37779106,14.39977545,33506572,660762031.11,0.2032,-3.2972
2021-06-29,14.35580667,14.39977545,14.2165722,14.25321285,26308241,512262518.83,0.1595,-1.0178
2021-06-30,14.31183789,14.4364161,14.26054098,14.30450976,13107400,256586157.01,0.0795,0.3599
2021-07-01,14.31916602,14.39244732,14.2165722,14.23122846,18021335,351479942.92,0.1093,-0.5123
2021-07-02,14.2165722,14.30450976,14.09932212,14.12863464,21268745,410833198.96,0.129,-0.7209
2021-07-05,14.24588472,14.62694748,14.23855659,14.62694748,32287748,636281206.51,0.1958,3.527
2021-07-06,14.65626,14.70755691,14.50236927,14.59763496,19290258,384208663.99,0.117,-0.2004
2021-07-07,14.52435366,14.61961935,14.47305675,14.5829787,17051681,338443008.38,0.1034,-0.1004
2021-07-08,14.59030683,14.59763496,14.22390033,14.45840049,27574070,542447760.84,0.1672,-0.8543
2021-07-09,14.4364161,14.65626,14.39977545,14.64160374,39528212,784522723.65,0.2397,1.2671
2021-07-12,14.60937156,14.6254878,13.698804,14.19840744,52101358,921907177.37,0.3159,-3.027
2021-07-13,14.1822912,14.33539548,14.15005872,14.32733736,22762420,403258663.5,0.138,0.9081
2021-07-14,14.39180232,14.64160404,14.2628724,14.43209292,25273917,453439311.58,0.1533,0.7312
2021-07-15,14.40791856,14.48849976,14.21452368,14.43209292,18177116,324372598.72,0.1102,0.0
2021-07-16,14.48849976,14.75441772,14.44820916,14.56908096,25362861,459718493.65,0.1538,0.9492
2021-07-19,14.65772028,14.7866502,14.43209292,14.6657784,27630505,501730402.02,0.1675,0.6637
2021-07-20,14.53684848,14.5449066,14.31927924,14.4240348,18575985,332565033.14,0.1126,-1.6484
2021-07-21,14.4643254,14.48849976,14.12588436,14.20646556,22196494,392073700.56,0.1346,-1.5084
2021-07-22,14.1822912,14.3837442,14.1822912,14.29510488,14622124,259645619.01,0.0887,0.6239
2021-07-23,14.35151172,14.61742968,14.2628724,14.31927924,22382249,400388156.2,0.1357,0.1691
2021-07-26,14.33539548,14.33539548,13.82773392,13.91637324,29535763,512785166.59,0.1791,-2.8137
2021-07-27,13.94860572,14.1822912,13.698804,13.72297836,29515905,511423405.42,0.179,-1.3897
2021-07-28,13.7390946,13.87608264,13.4570604,13.60210656,24498882,413935511.9,0.1486,-0.8808
2021-07-29,13.76326896,13.7793852,13.497351,13.60210656,24978738,420708271.09,0.1515,0.0
2021-07-30,13.6585134,13.84385016,13.5376416,13.698804,26460500,449683428.68,0.1605,0.7109
2021-08-02,13.58599032,13.9405476,13.4570604,13.89219888,35496774,603137859.1,0.2152,1.4118
2021-08-03,13.85190828,13.98889632,13.698804,13.90831512,31087214,532864254.34,0.1885,0.116
2021-08-04,13.8599664,14.02918692,13.78744332,13.9808382,23355002,403886985.87,0.1416,0.5214
2021-08-05,13.92443136,14.12588436,13.90831512,14.04530316,30020829,522473825.02,0.182,0.4611
2021-08-06,14.0211288,14.12588436,13.94860572,14.11782624,29651065,517256779.48,0.1798,0.5164
2021-08-09,14.11782624,14.21452368,13.93248948,14.16617496,27385789,479746328.91,0.1661,0.3425
2021-08-10,14.13394248,14.33539548,14.12588436,14.25481428,39012643,688188140.89,0.2366,0.6257
2021-08-11,14.303163,14.48849976,14.24675616,14.43209292,35294579,629746295.79,0.214,1.2436
2021-08-12,14.4240348,14.53684848,14.3434536,14.41597668,40458114,725140828.73,0.2453,-0.1117
2021-08-13,14.39986044,14.5449066,14.35956984,14.47238352,24634041,441962614.84,0.1494,0.3913
2021-08-16,14.53684848,14.72218524,14.43209292,14.44820916,26723076,481711400.65,0.162,-0.167
2021-08-17,14.35151172,14.68189464,14.2628724,14.32733736,35840929,643692217.71,0.2173,-0.8366
2021-08-18,14.32733736,14.3837442,14.01307068,14.15005872,38507256,675385465.24,0.2335,-1.2373
2021-08-19,14.12588436,14.12588436,13.900257,14.01307068,25267790,438779391.94,0.1532,-0.9681
2021-08-20,13.96472196,14.09365188,13.69074588,13.90831512,30814658,531621883.82,0.1869,-0.7476
2021-08-23,14.06947752,14.31122112,14.03724504,14.24675616,31790323,559844395.55,0.1928,2.4334
2021-08-24,14.35151172,14.45626728,14.27093052,14.3434536,29720572,529941528.23,0.1802,0.6787
2021-08-25,14.3434536,14.56908096,14.28704676,14.52073224,32153075,576857556.47,0.195,1.236
2021-08-26,14.56908096,14.907522,14.52879036,14.69801088,54113986,987781269.54,0.3281,1.2209
2021-08-27,14.48044164,14.75441772,14.43209292,14.63354592,40028450,725790606.93,0.2427,-0.4386
2021-08-30,14.7463596,15.37489296,14.5851972,15.25402116,81075323,1509865612.45,0.4916,4.2401
2021-08-31,15.14120748,16.20487932,15.07674252,16.11624,123233405,2411237891.65,0.7473,5.6524
2021-09-01,16.2371118,16.50302976,15.51993912,15.73750836,99444962,1960041412.46,0.603,-2.35
2021-09-02,15.73750836,16.4788554,15.72945024,16.20487932,82319007,1648484219.22,0.4992,2.9698
2021-09-03,16.02760068,16.22905368,15.85032204,16.09206564,58237252,1159561573.27,0.3531,-0.6962
2021-09-06,16.32575112,16.9623426,16.32575112,16.73671524,73785009,1529647473.84,0.4474,4.006
2021-09-07,16.922052,17.324958,16.61584344,17.14767936,74591938,1574463945.5,0.4523,2.4555
2021-09-08,16.94622636,17.75203836,16.91399388,17.57475972,86935445,1879591674.47,0.5272,2.4906
2021-09-09,17.727864,19.33142988,17.26049304,19.33142988,178792256,4183350406.59,1.0842,9.9954
2021-09-10,18.94464012,18.99298884,17.89708452,18.0501888,136033535,3094784283.92,0.8249,-6.6278
2021-09-13,18.2113512,19.48453416,18.19523496,19.2991974,106855565,2514248576.27,0.648,6.9196
2021-09-14,18.75930336,19.18638372,18.29999052,18.66260592,77901367,1808140375.67,0.4724,-3.2985
2021-09-15,18.75930336,18.84794268,18.1710606,18.42892044,56724363,1300654337.86,0.344,-1.2522
2021-09-16,18.84794268,19.7021034,18.38862984,18.66260592,84838974,1997873904.51,0.5145,1.268
2021-09-17,18.19523496,18.6948384,16.93816824,17.42165544,102426331,2243422424.09,0.6211,-6.6494
2021-09-22,17.2846674,19.16220936,17.2443768,19.16220936,102174819,2337896002.22,0.6196,9.9907
2021-09-23,19.5006504,19.5812316,18.13882812,18.88017516,106974731,2490806319.23,0.6487,-1.4718
2021-09-24,18.46921104,18.47726916,17.58281784,17.6472828,77520884,1724516421.97,0.4701,-6.5301
2021-09-27,18.01795632,18.13077,17.4458298,17.67145716,56386595,1242930977.73,0.3419,0.137
2021-09-28,17.929317,18.56590848,17.4861204,18.38057172,79780407,1799767897.94,0.4838,4.0128
2021-09-29,18.533676,18.8157102,17.61505032,17.86485204,63154613,1419544793.45,0.383,-2.8058
2021-09-30,17.90514264,18.5739666,17.73592212,18.25969992,65156865,1468886601.99,0.3951,2.2102
2021-10-08,18.62231532,18.63843156,17.2443768,17.2443768,99774338,2185918786.54,0.605,-5.5605
2021-10-11,17.55864348,18.2113512,17.51835288,18.06630504,71770093,1596779552.26,0.4352,4.7664
2021-10-12,18.26775804,18.94464012,17.42165544,17.92125888,66975164,1497801286.36,0.4061,-0.8029
2021-10-13,17.95349136,17.95349136,16.82535456,17.34107424,58948735,1263453176.28,0.3575,-3.2374
2021-10-14,17.0429238,17.30884176,16.78506396,17.07515628,37505755,794838988.48,0.2274,-1.5335
2021-10-15,17.14767936,17.77621272,16.94622636,17.69563152,61117766,1325449193.18,0.3706,3.6338
2021-10-18,17.67145716,19.21055808,17.59087596,19.00910508,105067949,2438366302.46,0.6371,7.4226
2021-10-19,18.96075636,19.39589484,18.68678028,18.90434952,65825875,1560134646.73,0.3992,-0.5511
2021-10-20,17.324958,17.87291016,17.324958,17.70368964,86179592,1879335888.11,0.5226,-6.3512
2021-10-21,17.71980588,18.8962914,17.70368964,18.58202472,71721749,1645654578.96,0.4349,4.9613
2021-10-22,18.34833924,18.59814096,17.38942296,17.42971356,99557241,2199121672.03,0.6037,-6.2012
2021-10-25,17.47000416,18.38862984,17.33301612,18.0098982,65731766,1467316516.05,0.3986,3.3287
2021-10-26,18.2113512,18.25969992,17.50223664,17.61505032,48346882,1063512723.51,0.2932,-2.1924
2021-10-27,17.324958,17.51029476,16.75283148,16.90593576,64326665,1363540403.24,0.3901,-4.0256
2021-10-28,16.43050668,16.519146,15.51993912,16.2371118,112368216,2219418359.89,0.6814,-3.9561
2021-10-29,16.08400752,16.29351864,15.72139212,16.02760068,47283703,938483135.18,0.2867,-1.2903
2021-11-01,15.914787,16.30963488,15.84226392,16.18876308,38826417,776856485.73,0.2354,1.0055
2021-11-02,16.1968212,16.4788554,15.51993912,15.7939152,53498098,1051707472.84,0.3244,-2.439
2021-11-03,15.89061264,16.29351864,15.72945024,16.1968212,50835613,1014600131.46,0.3083,2.551
2021-11-04,15.97925196,16.26934428,15.89061264,16.22905368,35929957,718501497.37,0.2179,0.199
2021-11-05,16.14041436,16.14041436,15.713334,15.713334,32836818,645610275.57,0.1991,-3.1778
2021-11-08,15.914787,16.0759494,15.69721776,15.94701948,28792477,569066160.98,0.1746,1.4872
2021-11-09,15.8744964,15.9953682,15.64081092,15.6730434,28602940,559371699.48,0.1734,-1.718
2021-11-10,15.64886904,15.64886904,14.96392884,15.37489296,53741439,1013282434.83,0.3259,-1.9023
2021-11-11,15.32654424,15.53605536,15.23790492,15.49576476,28700137,548720884.72,0.174,0.7862
2021-11-12,15.42324168,15.5521716,15.32654424,15.40712544,23639764,452885878.2,0.1433,-0.572
2021-11-15,15.3910092,15.54411348,15.2298468,15.41518356,22445834,428679245.25,0.1361,0.0523
2021-11-16,15.41518356,15.50382288,15.19761432,15.2701374,16417994,312872025.52,0.0996,-0.9409
2021-11-17,15.28625364,15.47964852,15.17343996,15.33460236,22801272,434127923.69,0.1383,0.4222
2021-11-18,15.44741604,15.53605536,15.28625364,15.3910092,24369809,466417692.9,0.1478,0.3678
2021-11-19,15.38295108,15.65692716,15.2701374,15.58440408,23533166,453247590.96,0.1427,1.2565
2021-11-22,15.69721776,15.7939152,15.45547416,15.60857844,23022746,445842112.73,0.1396,0.1551
2021-11-23,15.60052032,15.97925196,15.29431176,15.77779896,33013123,645023277.46,0.2002,1.0842
2021-11-24,15.82614768,16.2774024,15.7939152,16.24516992,35671366,714224128.7,0.2163,2.9622
2021-11-25,16.33380924,16.47079728,16.09206564,16.36604172,28994841,587481453.61,0.1758,0.744
2021-11-26,16.16458872,16.17264684,15.84226392,15.89061264,19773223,391410150.13,0.1199,-2.905
2021-11-29,15.64886904,15.7939152,15.54411348,15.76974084,20842080,404967231.61,0.1264,-0.7606
2021-11-30,15.7939152,15.9550776,15.6327528,15.74556648,20400779,399356817.86,0.1237,-0.1533
2021-12-01,15.713334,16.2371118,15.65692716,16.1968212,26670374,531024234.21,0.1617,2.8659
2021-12-02,16.13235624,16.69642464,16.12429812,16.66419216,49085191,1004561144.35,0.2976,2.8856
2021-12-03,16.4788554,18.25969992,16.32575112,18.2113512,97376698,2136248883.35,0.5905,9.2843
2021-12-06,17.99378196,18.74318712,17.76009648,17.88096828,61627567,1390740733.82,0.3737,-1.8142
2021-12-07,18.0501888,18.08242128,17.49417852,17.79232896,35076181,773593726.45,0.2127,-0.4957
2021-12-08,17.80038708,17.92125888,17.19602808,17.526411,51554222,1115546878.01,0.3126,-1.4946
2021-12-09,17.51029476,17.87291016,17.42165544,17.5667016,36198510,793866819.81,0.2195,0.2299
2021-12-10,17.5667016,17.84067768,17.4055392,17.4861204,30483836,665477502.56,0.1849,-0.4587
2021-12-13,17.6472828,18.0501888,17.49417852,17.5667016,38994746,855032404.9,0.2365,0.4608
2021-12-14,17.42165544,17.51835288,17.0026332,17.11544688,40316322,857195921.69,0.2445,-2.5688
2021-12-15,17.13962124,17.34107424,16.98651696,17.22020244,22852813,487708016.55,0.1386,0.6121
2021-12-16,17.4458298,18.82376832,17.3652486,18.4128042,81957235,1852157642.04,0.497,6.9256
2021-12-17,18.34028112,18.34028112,17.6472828,17.75203836,51095037,1134731040.51,0.3098,-3.5886
2021-12-20,17.66339904,17.929317,17.4055392,17.53446912,31281400,683384404.25,0.1897,-1.2256
2021-12-21,17.5667016,18.1710606,17.41359732,17.8890264,26233762,581605895.55,0.1591,2.0221
2021-12-22,17.8487358,17.94543324,17.6069922,17.81650332,28139682,620795592.3,0.1706,-0.4054
2021-12-23,17.727864,18.35639736,17.70368964,18.26775804,28340712,637354045.27,0.1719,2.5328
2021-12-24,18.2113512,18.30804864,17.98572384,18.09853752,24052277,542258847.38,0.1459,-0.9263
2021-12-27,18.18717684,18.75124524,18.06630504,18.3725136,28412166,651963412.65,0.1723,1.5138
2021-12-28,18.59814096,18.6142572,17.70368964,17.95349136,34084210,757059773.31,0.2067,-2.2807
2021-12-29,17.99378196,18.2516418,17.87291016,17.95349136,19824506,444051298.92,0.1202,0.0
2021-12-30,17.81650332,18.06630504,17.65534092,17.67951528,22086075,486560403.86,0.1339,-1.526
2021-12-31,17.727864,18.46921104,17.727864,18.14688624,39656330,895653045.79,0.2405,2.6436
2022-01-04,18.533676,18.8962914,17.9696076,18.31610676,50985807,1161711703.62,0.3092,0.9325
2022-01-05,18.17911872,18.4128042,18.01795632,18.0501888,34774505,783514478.77,0.2109,-1.4518
2022-01-06,18.0501888,18.13882812,17.87291016,17.90514264,23767199,530733861.84,0.1441,-0.8036
2022-01-07,17.929317,18.2919324,17.88096828,18.13882812,30229815,679554035.59,0.1833,1.3051
2022-01-10,18.13077,18.40474608,18.05824692,18.35639736,31602365,715831500.77,0.1916,1.1995
2022-01-11,18.2113512,18.3725136,17.97766572,18.2919324,22117080,499923089.6,0.1341,-0.3512
2022-01-12,18.332223,18.43697856,17.9696076,18.39668796,26981827,610934452.87,0.1636,0.5727
2022-01-13,18.4530948,18.94464012,18.38057172,18.68678028,39433087,917740183.45,0.2391,1.5769
2022-01-14,18.6142572,18.6142572,18.07436316,18.14688624,27501596,621310128.9,0.1668,-2.8892
2022-01-17,18.21940932,18.30804864,18.01795632,18.04213068,16686901,375583138.3,0.1012,-0.5773
2022-01-18,18.04213068,18.88017516,17.9696076,18.80765208,37962180,872344558.93,0.2302,4.243
2022-01-19,18.8157102,19.25084868,18.75124524,18.94464012,34429847,810791621.55,0.2088,0.7284
2022-01-20,18.83182644,19.33142988,18.79153584,19.24279056,31388289,748429410.4,0.1903,1.5738
2022-01-21,19.339488,19.56511536,18.88017516,19.34754612,34515808,824951529.25,0.2093,0.5444
2022-01-24,19.34754612,19.79880084,19.0171632,19.43618544,29384647,707766636.52,0.1782,0.4581
2022-01-25,19.29113928,19.4200692,18.83988456,18.8560008,28943810,684720548.15,0.1755,-2.9851
2022-01-26,18.8560008,19.00910508,18.40474608,18.67066404,31248056,724579704.87,0.1895,-0.9829
2022-01-27,18.68678028,19.30725552,18.54979224,18.92046576,36012641,850012419.21,0.2184,1.3379
2022-01-28,18.74318712,19.08968628,18.13077,18.16300248,38316958,876366235.31,0.2324,-4.0034
2022-02-07,18.60619908,19.23473244,18.31610676,18.94464012,40361893,942552425.12,0.2448,4.3035
2022-02-08,19.339488,20.23393932,18.98493072,20.11306752,79674621,1950529864.0,0.4831,6.1676
2022-02-09,20.12918376,20.15335812,19.5006504,19.69404528,49371483,1215549196.89,0.2994,-2.0833
2022-02-10,19.39589484,20.73354276,19.08162816,20.6287872,63233985,1572204001.88,0.3834,4.7463
2022-02-11,20.43539232,21.58770348,20.19364872,21.03975132,72475420,1890513855.02,0.4395,1.9922
2022-02-14,20.99946072,21.2331462,20.59655472,20.76577524,32563232,843883327.27,0.1975,-1.3022
2022-02-15,20.57238036,20.58043848,19.9841376,20.2258812,32878087,823307535.62,0.1994,-2.5999
2022-02-16,20.2258812,20.70131028,20.12918376,20.29840428,23362048,590504856.8,0.1417,0.3586
2022-02-17,20.1453,20.67713592,20.08083504,20.39510172,26035444,659762951.5,0.1579,0.4764
2022-02-18,20.37092736,21.0316932,20.29034616,20.78189148,40977989,1053350158.06,0.2485,1.8965
2022-02-21,20.93499576,21.3943086,20.61267096,21.28149492,40331357,1052582414.41,0.2446,2.404
2022-02-22,21.09615816,21.66022656,20.99946072,21.4345992,38294060,1010654078.91,0.2322,0.7194
2022-02-23,21.33790176,21.34595988,20.3870436,20.55626412,45522430,1168213677.97,0.276,-4.0977
2022-02-24,20.5884966,20.87858892,20.1453,20.548206,41286990,1052016543.16,0.2504,-0.0392
2022-02-25,20.35481112,20.67713592,19.2589068,19.79880084,64606599,1597612381.62,0.3918,-3.6471
2022-02-28,19.742394,20.45150856,19.71821964,20.33869488,47376739,1189630544.0,0.2873,2.7269
2022-03-01,20.43539232,21.17673936,20.19364872,20.9914026,40844419,1048989344.0,0.2477,3.2092
2022-03-02,21.1928556,21.30566928,20.7899496,21.1928556,32076958,840310288.0,0.1945,0.9597
2022-03-03,21.24120432,21.88585392,21.21702996,21.73274964,45965982,1237108000.0,0.2787,2.5475
2022-03-04,21.5957616,22.38545736,21.2734368,21.93420264,43860064,1191403248.0,0.266,0.927
2022-03-07,22.4015736,22.47409668,21.6360522,21.7972146,42014994,1146330400.0,0.2548,-0.6245
2022-03-08,21.5151804,21.95031888,20.7093684,20.83829832,65464410,1719367936.0,0.397,-4.3993
2022-03-09,21.06392568,22.24846932,20.71742652,21.69245904,61837061,1656967424.0,0.375,4.099
2022-03-10,21.2734368,22.15983,20.749659,21.41042484,59659041,1589979824.0,0.3618,-1.3001
2022-03-11,21.49100604,22.06313256,20.71742652,21.6763428,49539498,1327325072.0,0.3004,1.242
2022-03-14,21.1928556,22.20817872,21.0316932,21.1122744,47578426,1273140256.0,0.2885,-2.6022
2022-03-15,20.951112,20.96722824,19.4200692,19.44424356,84469645,2079574032.0,0.5122,-7.9008
2022-03-16,19.7826846,20.24199744,18.79959396,19.9841376,52763785,1279233136.0,0.32,2.7766
2022-03-17,20.1453,20.20976496,18.936582,19.63763844,72663713,1760950448.0,0.4406,-1.7339
2022-03-18,19.4603598,20.48374104,19.43618544,20.16947436,56182171,1404722888.97,0.3407,2.7082
2022-03-21,20.29034616,21.46683168,20.29034616,21.0316932,47672902,1240331574.29,0.2891,4.2749
2022-03-22,20.92693764,21.77304024,20.88664704,21.66022656,46614370,1243834935.53,0.2827,2.9885
2022-03-23,21.74886588,21.74886588,20.95917012,21.3943086,31242349,826638775.36,0.1895,-1.2277
2022-03-24,21.66828468,22.18400436,21.555471,21.9180864,34779498,944498147.6,0.2109,2.4482
2022-03-25,21.69245904,22.4015736,21.54741288,21.90197016,36868694,1002503815.11,0.2236,-0.0735
2022-03-28,22.57079412,23.73922152,22.57079412,23.54582664,76013301,2193528707.63,0.4609,7.5055
2022-03-29,23.368548,24.36775488,23.18321124,24.23882496,66209302,1961835230.48,0.4015,2.9432
2022-03-30,23.9326164,24.19047624,23.06233944,23.39272236,59382891,1729837449.0,0.3601,-3.4907
2022-03-31,23.4894198,24.00513948,23.1268044,23.98902324,45486734,1334963105.34,0.2758,2.5491
2022-04-01,23.6102916,24.14212752,23.38466424,23.79562836,35828815,1054770028.94,0.2173,-0.8062
2022-04-06,23.50553604,23.62640784,22.87700268,23.5297104,36369355,1052349101.65,0.2205,-1.1175
2022-04-07,23.4491292,24.27911556,23.27990868,23.99708136,37630689,1118962876.95,0.2282,1.9863
2022-04-08,24.19047624,24.72231216,24.0131976,24.63367284,44137015,1338815285.32,0.2676,2.6528
2022-04-11,24.2952318,25.6248216,24.23882496,25.2219156,58510371,1825376314.17,0.3548,2.388
2022-04-12,25.4636592,25.88268144,24.6578472,24.9398814,46406297,1450593257.29,0.2814,-1.1182
2022-04-13,24.94793952,25.785984,24.94793952,25.77792588,40371084,1277764936.54,0.2448,3.3603
2022-04-14,25.64899596,26.1485994,25.39113612,26.01161136,37298204,1196920746.72,0.2262,0.9065
2022-04-15,26.1083088,26.57567976,24.79483524,25.00434636,52501749,1663234212.23,0.3184,-3.8724
2022-04-18,24.2549412,25.36696176,23.98902324,24.15018564,65277466,1981044692.38,0.3958,-3.416
2022-04-19,24.28717368,25.0204626,23.86009332,24.8190096,42782679,1308560773.41,0.2594,2.7694
2022-04-20,24.577266,24.64173096,23.65864032,23.81980272,43878681,1311460180.49,0.2661,-4.026
2022-04-21,24.0131976,24.2549412,23.42495484,23.54582664,35274576,1041494494.77,0.2139,-1.1502
2022-04-22,23.19126936,24.32746428,23.11068816,23.92455828,33404601,990100756.22,0.2026,1.6085
2022-04-25,23.39272236,23.86009332,22.63525908,23.1268044,49790890,1436600657.63,0.3019,-3.3345
2022-04-26,23.2073856,23.36048988,22.33710864,22.94146764,36749040,1043327395.95,0.2228,-0.8014
2022-04-27,22.82059584,23.5297104,22.58691036,23.34437364,41254995,1182707912.54,0.2502,1.7562
2022-04-28,24.18241812,25.33472928,24.14212752,25.14939252,67198413,2064170121.88,0.4075,7.7321
2022-04-29,25.14939252,25.15745064,24.2549412,24.80289336,48623835,1486846257.0,0.2949,-1.3778
2022-05-05,25.0607532,25.2219156,24.51280104,24.68202156,36480989,1120504305.5,0.2212,-0.4873
2022-05-06,24.375813,25.18968312,24.19047624,24.36775488,38208447,1171597024.16,0.2317,-1.2733
2022-05-09,24.0937788,24.10183692,23.2879668,23.86009332,32409438,954369047.8,0.1965,-2.0833
2022-05-10,23.32019928,23.32019928,22.57079412,23.11068816,44858916,1277285636.0,0.272,-3.1408
2022-05-11,23.03816508,23.56194288,22.965642,23.56194288,36439078,1053111909.7,0.221,1.9526
2022-05-12,23.59417536,23.75533776,22.90923516,23.07845568,27168628,784306123.72,0.1647,-2.052
2022-05-13,23.17515312,24.8190096,23.14292064,24.8190096,56798100,1709283981.6,0.3444,7.5419
2022-05-16,24.8190096,25.09298568,24.43221984,24.980172,38260536,1181700706.59,0.232,0.6494
2022-05-17,25.09298568,25.67317032,24.86735832,25.32667116,32182145,1007971962.32,0.1951,1.3871
2022-05-18,25.15745064,25.4233686,24.90764892,25.10910192,32337381,1009724359.94,0.1961,-0.8591
2022-05-19,24.8190096,25.12521816,24.2549412,24.95599764,32172142,989426398.2,0.1951,-0.6098
2022-05-20,25.1413344,26.25335496,25.01240448,26.0680182,41902772,1340844330.1,0.2541,4.4559
2022-05-23,26.2291806,26.65626096,25.84239084,26.17277376,36165864,1178521705.59,0.2193,0.4019
2022-05-24,26.14054128,26.70460968,25.97937888,26.19694812,32679661,1070922688.88,0.1982,0.0924
2022-05-25,26.28558744,26.86577208,26.14054128,26.69655156,28694037,945319911.47,0.174,1.9071
2022-05-26,26.8335396,27.05916696,26.49509856,26.85771396,28118224,933445851.08,0.1705,0.6037
2022-05-27,26.88188832,27.79245588,26.6320866,27.79245588,43550258,1476582187.26,0.2641,3.4803
2022-05-30,27.87303708,27.95361828,26.93829516,27.36537552,34095981,1154029333.07,0.2068,-1.5367
2022-05-31,27.28479432,27.4378986,26.74490028,27.36537552,40020265,1341272814.89,0.2427,0.0
2022-06-01,27.00276012,27.29285244,26.6723772,27.22838748,37256638,1248521422.62,0.2259,-0.5006
2022-06-02,26.994702,27.2364456,26.54344728,26.74490028,32951407,1094322313.28,0.1998,-1.7757
2022-06-06,26.97858576,27.48624732,26.6320866,27.42178236,32655113,1098876826.69,0.198,2.5309
2022-06-07,27.20421312,27.71187468,26.7126678,27.1558644,33080706,1113629591.58,0.2006,-0.9697
2022-06-08,27.38954988,28.37264052,27.22032936,28.35652428,37737915,1303815901.58,0.2288,4.4214
2022-06-09,28.13895504,28.63050036,27.800514,28.06643196,32478707,1133260058.48,0.1969,-1.023
2022-06-10,27.7199328,28.26788496,27.59100288,28.05031572,35500112,1229439627.03,0.2153,-0.0574
2022-06-13,27.6796422,27.99390888,26.76101652,27.18003876,45545652,1538402379.13,0.2762,-3.1026
2022-06-14,26.9141208,27.82468836,26.8738302,27.80857212,31552707,1077867306.2,0.1913,2.3125
2022-06-15,27.72799092,27.92944392,27.1558644,27.1558644,35607938,1213322043.23,0.2159,-2.3471
2022-06-16,27.16392252,27.3170268,25.97937888,26.1083088,53052104,1732165097.62,0.3217,-3.8576
2022-06-17,25.97132076,26.5515054,25.89073956,26.23723872,36093189,1174105897.97,0.2189,0.4938
2022-06-20,25.785984,25.79404212,24.83512584,25.01240448,64220755,2001763700.59,0.3894,-4.6683
2022-06-21,24.980172,25.4233686,24.94793952,25.12521816,38411711,1199250098.43,0.2329,0.451
2022-06-22,25.28638056,25.4233686,24.6578472,24.76260276,41455534,1285741856.53,0.2514,-1.4432
2022-06-23,24.778719,25.37501988,24.42416172,25.27026432,32379013,1004547071.07,0.1963,2.0501
2022-06-24,25.27026432,25.5442404,24.81095148,25.1413344,37964914,1182393259.35,0.2302,-0.5102
2022-06-27,25.20579936,26.3097618,25.17356688,26.12442504,43813695,1414532632.97,0.2657,3.9103
2022-06-28,26.33393616,26.68849344,26.0680182,26.46286608,32117654,1049070270.32,0.1948,1.2955
2022-06-29,26.42257548,27.05110884,26.3500524,26.56762164,31598376,1046989759.77,0.1916,0.3959
2022-06-30,26.36616864,26.98664388,26.2291806,26.8335396,30479581,1012811156.0,0.1848,1.0009
2022-07-01,26.59985412,26.8335396,25.8665652,26.68849344,29325242,958944778.11,0.1778,-0.5405
2022-07-04,26.80130712,27.14780628,26.39840112,26.9141208,36074196,1199667234.52,0.2188,0.8454
2022-07-05,27.13974816,27.7199328,26.994702,27.7199328,44298510,1505811588.1,0.2686,2.994
2022-07-06,27.24450372,27.25256184,25.85044896,26.0680182,43583573,1424990481.99,0.2643,-5.9593
2022-07-07,26.0680182,26.89800456,25.72151904,26.7529584,34521144,1132948484.64,0.2093,2.6275
2022-07-08,27.17198064,27.37343364,26.78519088,26.9544114,40363469,1353716198.39,0.2448,0.753
2022-07-11,26.16087,26.20447145,25.18419752,25.288841,52125000,1528664888.38,0.3161,-6.1792
2022-07-12,25.29756129,25.96030333,25.2016381,25.92542217,28164117,829794484.76,0.1708,2.5172
2022-07-13,25.4632468,25.75101637,25.14059607,25.61149173,19786489,579093948.04,0.12,-1.2109
2022-07-14,25.69869463,26.13470913,25.61149173,25.78589753,16073583,475647898.7,0.0975,0.681
2022-07-15,26.02134536,27.07650045,25.84693956,25.94286275,40286865,1223759437.88,0.2443,0.6087
2022-07-18,26.0736671,26.6840874,26.0736671,26.62304537,25986970,788326905.86,0.1576,2.6218
2022-07-19,26.6840874,26.69280769,25.93414246,26.23935261,21226928,637570710.41,0.1287,-1.4412
2022-07-20,26.36143667,26.41375841,25.8992613,25.94286275,18485710,552748195.31,0.1121,-1.1299
2022-07-21,25.76845695,25.80333811,24.46913374,24.49529461,48850897,1394664219.48,0.2962,-5.5798
2022-07-22,24.416812,24.95746998,24.37321055,24.71330186,21961092,621838448.7,0.1332,0.89
2022-07-25,24.6784207,25.05339317,24.59993809,24.9400294,16216324,462414810.96,0.0983,0.9174
2022-07-26,25.01851201,25.58533086,24.8528265,25.33244245,19133633,555406576.82,0.116,1.5734
2022-07-27,25.33244245,25.49812796,25.04467288,25.14059607,17467233,504469332.45,0.1059,-0.7573
2022-07-28,25.35860332,25.41092506,24.87898737,25.06211346,21247902,611873654.21,0.1288,-0.3122
2022-07-29,25.12315549,25.34116274,24.48657432,24.5040149,28560474,811162009.84,0.1732,-2.2269
2022-08-01,24.51273519,24.92258882,24.20752504,24.80050476,24456765,689876441.26,0.1483,1.21
2022-08-02,24.416812,24.71330186,24.1552033,24.39065113,25050350,701155454.67,0.1519,-1.6526
2022-08-03,24.54761635,24.5912178,23.99823808,24.08544098,23628359,656159300.96,0.1433,-1.2513
2022-08-04,24.05055982,24.19008446,23.7191888,24.07672069,22517120,618292839.0,0.1365,-0.0362
2022-08-05,24.07672069,24.37321055,23.25701343,23.79767141,31416105,850562261.0,0.1905,-1.159
2022-08-08,23.57094387,24.38193084,23.50118155,24.32088881,21959243,606752010.0,0.1332,2.1986
2022-08-09,24.3296091,25.15803665,24.3296091,24.84410621,25643126,731444567.0,0.1555,2.1513
2022-08-10,24.84410621,25.1144352,24.35576997,24.72202215,20526573,581094791.0,0.1245,-0.4914
2022-08-11,25.00107143,25.00979172,24.48657432,24.80922505,16706661,475593249.0,0.1013,0.3527
2022-08-12,24.89642795,25.288841,24.8528265,25.23651926,21349382,615751680.0,0.1295,1.7223
2022-08-15,25.25395984,25.92542217,25.0272323,25.48068738,25860470,759098491.87,0.1568,0.9675
2022-08-16,25.36732361,25.62893231,25.13187578,25.45452651,15599097,455139738.13,0.0946,-0.1027
2022-08-17,25.4632468,25.56789028,25.18419752,25.34116274,15342714,446531552.5,0.093,-0.4454
2022-08-18,25.38476419,25.62021202,24.9400294,25.27140042,17822903,516171988.44,0.1081,-0.2753
2022-08-19,25.15803665,26.06494681,25.15803665,25.8992613,26248089,774625878.14,0.1592,2.4845
2022-08-22,25.95158304,26.5096816,25.95158304,26.29167435,33346067,1004446702.29,0.2022,1.5152
2022-08-23,26.29167435,26.97185697,25.96902362,26.64920624,33069488,1005645963.11,0.2005,1.3599
2022-08-24,26.6840874,27.19858451,26.41375841,26.89337436,37314606,1148435500.42,0.2263,0.9162
2022-08-25,26.78001059,28.23629902,26.72768885,28.23629902,61355637,1958084166.16,0.3721,4.9935
2022-08-26,27.904928,27.904928,27.11138161,27.25962654,51158356,1605980823.56,0.3102,-3.4589
2022-08-29,26.91953523,27.87004684,26.5968845,27.80028452,39670612,1241970327.48,0.2406,1.9834
2022-08-30,27.7305222,27.75668307,26.48352073,26.61432508,38056495,1169380371.17,0.2308,-4.266
2022-08-31,26.5096816,26.83233233,26.16087,26.45735986,29669415,901289488.13,0.1799,-0.5898
2022-09-01,26.35271638,27.54739611,26.16959029,27.12882219,33909814,1057407583.02,0.2056,2.5379
2022-09-02,27.10266132,27.25090625,26.60560479,26.73640914,23842884,734539585.84,0.1446,-1.4465
2022-09-05,27.2073048,28.55894975,26.9456961,28.39326424,49412806,1589086985.95,0.2996,6.197
2022-09-06,28.39326424,28.96008309,28.13165554,28.67231352,37147791,1219041677.6,0.2253,0.9828
2022-09-07,28.4281454,28.75079613,28.3409425,28.43686569,21517067,702964294.99,0.1305,-0.8212
2022-09-08,28.10549467,28.5153483,27.78284394,28.1665367,23075246,745630424.41,0.1399,-0.9506
2022-09-09,28.50662801,28.73335555,28.08805409,28.54150917,27954869,913802860.58,0.1695,1.3313
2022-09-13,28.35838308,28.47174685,27.71308162,28.29734105,25807136,830971585.13,0.1565,-0.8555
2022-09-14,27.9921309,28.57639033,27.96597003,28.21013815,15958694,517511444.44,0.0968,-0.3082
2022-09-15,28.49790772,29.08216715,27.80900481,28.24501931,29603654,963076572.32,0.1795,0.1236
2022-09-16,28.00957148,28.18397728,26.98929755,26.99801784,40103775,1261172803.68,0.2432,-4.4149
2022-09-19,27.09394103,27.79156423,27.09394103,27.4689135,22325952,704618157.97,0.1354,1.7442
2022-09-20,27.65203959,27.76540336,27.18986422,27.33810915,12936465,406756995.73,0.0784,-0.4762
2022-09-21,27.32938886,27.5561164,27.032899,27.18986422,17067729,534633468.31,0.1035,-0.5423
2022-09-22,26.96313668,27.9921309,26.92825552,27.89620771,21555151,681126726.75,0.1307,2.5978
2022-09-23,27.88748742,28.12293525,27.1201019,27.18986422,16300337,513935621.49,0.0988,-2.532
2022-09-26,26.72768885,27.51251495,26.4224787,26.47480044,25859338,798426136.34,0.1568,-2.6299
2022-09-27,26.9456961,27.00673813,25.8120584,26.5096816,22421626,676131776.48,0.136,0.1318
2022-09-28,26.49224102,27.032899,26.45735986,26.71896856,20564231,630473878.53,0.1247,0.7895
2022-09-29,27.11138161,27.904928,26.81489175,27.39043089,26750483,843504418.67,0.1622,2.5131
2022-09-30,27.5561164,27.83516568,27.1201019,27.59099756,21942608,692275304.78,0.1331,0.7323
2022-10-10,27.89620771,28.27118018,27.80028452,27.88748742,26433682,850693678.82,0.1603,1.0746
2022-10-11,27.904928,28.1665367,27.35554973,27.56483669,15504642,490718721.21,0.094,-1.157
2022-10-12,27.4689135,27.904928,27.2073048,27.84388597,16565241,523551979.58,0.1004,1.0123
2022-10-13,27.80028452,27.98341061,26.87593378,27.09394103,19211955,598524772.61,0.1165,-2.6934
2022-10-14,27.32938886,27.98341061,27.2073048,27.50379466,21600172,683002677.95,0.131,1.5127
2022-10-17,27.32938886,27.68692075,26.57944392,27.18986422,20769429,643478401.03,0.1259,-1.1414
2022-10-18,27.22474538,27.77412365,26.92825552,27.02417871,20398865,637749523.67,0.1237,-0.6094
2022-10-19,26.88465407,27.44275263,26.79745117,27.06778016,19586309,610128250.49,0.1188,0.1613
2022-10-20,27.12882219,27.17242364,26.46608015,26.55328305,22747372,698891089.88,0.1379,-1.9008
2022-10-21,26.56200334,27.2945077,26.54456276,26.87593378,18185520,561807596.52,0.1103,1.2151
2022-10-24,26.7712903,27.16370335,25.94286275,26.03006565,28843461,871060037.35,0.1749,-3.1473
2022-10-25,26.35271638,26.36143667,25.82077869,26.01262507,20767384,620769775.17,0.1259,-0.067
2022-10-26,25.90798159,26.19575116,25.1144352,25.29756129,34167643,999802451.17,0.2072,-2.7489
2022-10-27,25.33244245,25.86438014,25.33244245,25.57661057,25014444,735684890.96,0.1517,1.1031
2022-10-28,25.5504497,26.20447145,25.41964535,25.60277144,30370106,897711109.14,0.1842,0.1023
2022-10-31,25.73357579,26.70152798,24.37321055,24.44297287,61252911,1777878567.78,0.3714,-4.53
2022-11-01,24.59993809,24.96619027,24.04183953,24.78306418,43554495,1223282950.66,0.2641,1.3914
2022-11-02,24.68714099,25.59405115,24.42553229,25.41964535,26856711,773400649.11,0.1629,2.5686
2022-11-03,25.41964535,25.68997434,25.06211346,25.14059607,17983436,521749365.97,0.109,-1.0978
2022-11-04,25.1144352,26.29167435,25.08827433,25.93414246,23132214,686842309.05,0.1403,3.1564
2022-11-07,25.9864642,26.76257001,25.82949898,26.30911493,30393043,918413242.07,0.1843,1.4459
2022-11-08,26.40503812,26.6840874,25.96030333,26.08238739,18333859,551676842.39,0.1112,-0.8618
2022-11-09,26.03006565,26.23063232,25.5504497,25.64637289,15847247,468234070.14,0.0961,-1.6717
2022-11-10,25.38476419,25.80333811,24.57377722,25.68125405,28802635,830689666.49,0.1747,0.136
2022-11-11,26.03006565,26.15214971,25.60277144,26.03006565,30361707,903632610.2,0.1841,1.3582
2022-11-14,26.11726855,26.36143667,24.77434389,24.9400294,52227067,1513353155.1,0.3167,-4.1876
2022-11-15,24.8528265,25.09699462,24.5040149,24.93130911,27012936,770089819.41,0.1638,-0.035
2022-11-16,25.07083375,25.41092506,24.8528265,25.14931636,30808667,888083189.74,0.1868,0.8744
2022-11-17,25.00107143,25.0272323,24.53017577,24.62609896,29236804,828059172.12,0.1773,-2.0804
2022-11-18,24.70458157,24.87898737,24.47785403,24.66098012,20328941,575124426.35,0.1233,0.1416
2022-11-21,24.416812,24.71330186,24.26856707,24.40809171,27231597,761511297.82,0.1651,-1.0255
2022-11-22,24.42553229,25.14059607,24.38193084,24.91386853,33248336,945306127.74,0.2016,2.0722
2022-11-23,24.93130911,25.96902362,24.92258882,25.58533086,43335080,1271206745.84,0.2628,2.6951
2022-11-24,25.41964535,25.8992613,25.40220477,25.64637289,20063403,590719189.11,0.1217,0.2386
2022-11-25,25.57661057,26.5968845,25.50684825,26.38759754,46171593,1391563852.1,0.28,2.8902
2022-11-28,26.05622652,26.63176566,25.94286275,26.48352073,33093267,996500873.28,0.2007,0.3635
2022-11-29,26.5096816,26.66664682,26.0736671,26.37887725,28079087,849711275.82,0.1703,-0.3951
2022-11-30,26.4224787,27.02417871,26.15214971,26.64048595,34574098,1062391518.09,0.2097,0.9917
2022-12-01,26.91953523,27.00673813,26.00390478,26.03878594,35307699,1066118025.87,0.2141,-2.2586
2022-12-02,25.97774391,26.20447145,25.51556854,25.62893231,23312240,688395954.17,0.1414,-1.574
2022-12-05,25.9864642,26.11726855,25.64637289,26.01262507,28441195,844965607.86,0.1725,1.4971
2022-12-06,25.82077869,26.20447145,25.56789028,26.11726855,23075716,685767583.37,0.1399,0.4023
2022-12-07,26.16087,26.16087,25.34116274,25.49812796,32302066,949230065.73,0.1959,-2.3706
2022-12-08,25.49812796,25.60277144,25.16675694,25.3760439,20138115,586763343.55,0.1221,-0.4788
2022-12-09,25.33244245,25.4632468,25.22779897,25.38476419,24162887,702091435.83,0.1465,0.0344
2022-12-12,25.29756129,25.61149173,24.72202215,24.79178447,29719853,851559113.55,0.1802,-2.336
2022-12-13,24.92258882,25.18419752,24.66098012,24.98363085,21378340,611373306.64,0.1296,0.7738
2022-12-14,25.05339317,25.2016381,24.82666563,25.13187578,16116031,463414688.73,0.0977,0.5934
2022-12-15,25.03595259,25.19291781,24.5912178,24.74818302,20856420,591517873.3,0.1265,-1.5267
2022-12-16,24.77434389,25.07083375,24.69586128,24.92258882,20662778,589853104.35,0.1253,0.7047
2022-12-19,24.87898737,24.9400294,24.39937142,24.53889606,23377140,659630992.19,0.1418,-1.5395
2022-12-20,24.53889606,24.64353954,24.19880475,24.33832939,21838141,610585402.96,0.1324,-0.8173
2022-12-21,24.33832939,24.39937142,24.13776272,24.18136417,17163713,477325144.68,0.1041,-0.6449
2022-12-22,24.35576997,24.49529461,23.91103518,23.99823808,20910266,579636596.11,0.1268,-0.7573
2022-12-23,24.04183953,24.1552033,23.72790909,24.12904243,12478723,343283939.26,0.0757,0.5451
2022-12-26,24.12032214,24.22496562,23.98951779,24.12904243,12394748,342719459.83,0.0752,0.0
2022-12-27,24.23368591,24.66098012,24.18136417,24.47785403,19523023,547763317.18,0.1184,1.4456
2022-12-28,24.37321055,24.63481925,24.33832939,24.55633664,18095716,508849745.25,0.1097,0.3206
2022-12-29,24.47785403,24.49529461,23.90231489,24.04183953,21917900,606427632.48,0.1329,-2.0952
2022-12-30,24.0680004,24.35576997,24.03311924,24.08544098,14694663,406600056.81,0.0891,0.1814
2023-01-03,24.08544098,24.46041345,23.9807975,24.42553229,24445913,679846234.69,0.1482,1.412
2023-01-04,24.37321055,24.46041345,23.8935946,24.18136417,26179337,725701494.1,0.1587,-0.9996
2023-01-05,24.18136417,24.22496562,23.91975547,24.0680004,24695435,680735837.89,0.1498,-0.4688
2023-01-06,24.05928011,24.1552033,23.93719605,24.08544098,21111894,582250790.66,0.128,0.0725
2023-01-09,24.22496562,24.28600765,23.9807975,24.1552033,21466013,595056271.09,0.1302,0.2896
2023-01-10,24.07672069,24.16392359,23.77151054,23.92847576,20259195,556224439.83,0.1228,-0.9386
2023-01-11,24.10288156,25.19291781,23.91975547,25.13187578,58238662,1655413193.7,0.3532,5.0292
2023-01-12,25.0272323,25.24523955,24.73074244,25.1144352,30072843,861980187.33,0.1824,-0.0694
2023-01-13,25.1144352,25.64637289,25.10571491,25.27140042,26378992,764278213.2,0.16,0.625
2023-01-16,25.24523955,25.26268013,24.83538592,24.95746998,38342244,1099459838.91,0.2325,-1.2422
2023-01-17,24.9400294,25.07083375,24.65225983,24.99235114,20951104,598476112.85,0.127,0.1398
2023-01-18,24.9400294,25.34988303,24.84410621,24.86154679,19040559,547437049.08,0.1155,-0.5234
2023-01-19,24.96619027,25.15803665,24.66098012,24.90514824,19333752,550813102.73,0.1172,0.1754
2023-01-20,24.89642795,25.15803665,24.84410621,25.03595259,20270931,581583730.26,0.1229,0.5252
2023-01-30,25.07083375,25.09699462,24.45169316,24.46913374,39011204,1101222610.76,0.2366,-2.264
2023-01-31,24.66098012,24.89642795,24.5912178,24.75690331,26068112,740447823.77,0.1581,1.1761
2023-02-01,24.77434389,24.77434389,24.5040149,24.66098012,28240552,796747885.54,0.1712,-0.3875
2023-02-02,24.66098012,24.88770766,24.45169316,24.84410621,29619839,839113397.2,0.1796,0.7426
2023-02-03,24.6784207,24.80922505,24.54761635,24.63481925,24814669,701790936.34,0.1505,-0.8424
2023-02-06,24.53017577,24.66098012,24.44297287,24.52145548,21979318,618322531.8,0.1333,-0.4602
2023-02-07,24.52145548,24.69586128,24.47785403,24.54761635,17617857,496236470.74,0.1068,0.1067
2023-02-08,24.57377722,24.60865838,24.3296091,24.33832939,18896837,530012121.76,0.1146,-0.8526
2023-02-09,24.28600765,24.57377722,24.26856707,24.44297287,16329251,457538550.84,0.099,0.43
2023-02-10,24.416812,24.44297287,24.09416127,24.1552033,20295148,563867951.01,0.1231,-1.1773
2023-02-13,24.13776272,24.1552033,23.77151054,23.91975547,32783927,897990536.06,0.1988,-0.9747
2023-02-14,23.9807975,24.05928011,23.77151054,23.99823808,18337971,503701605.39,0.1112,0.3281
2023-02-15,23.97207721,24.0680004,23.69302793,23.72790909,27663312,755238404.58,0.1677,-1.1265
2023-02-16,23.8063917,23.8935946,23.33549604,23.4575801,30153837,818063658.21,0.1828,-1.1393
2023-02-17,23.41397865,23.73662938,23.38781778,23.57094387,26548324,718589878.86,0.161,0.4833
2023-02-20,23.62326561,24.12904243,23.62326561,24.05055982,35975711,987603052.36,0.2182,2.0348
2023-02-21,24.02439895,24.38193084,23.90231489,24.32088881,33204286,923662560.27,0.2013,1.124
2023-02-22,24.25112649,24.48657432,24.13776272,24.29472794,28042907,782960152.73,0.17,-0.1076
2023-02-23,24.6784207,24.81794534,24.32088881,24.43425258,34836587,980907558.56,0.2112,0.5743
2023-02-24,24.35576997,24.416812,24.19008446,24.28600765,22107696,615619342.3,0.1341,-0.6067
2023-02-27,24.28600765,24.5912178,24.28600765,24.38193084,25809133,723212531.29,0.1565,0.395
2023-02-28,24.39937142,24.45169316,24.2424062,24.416812,18353068,512571736.84,0.1113,0.1431
2023-03-01,24.416812,24.57377722,24.3296091,24.46913374,22789283,640010104.12,0.1382,0.2143
2023-03-02,24.46913374,24.82666563,24.38193084,24.57377722,27093063,764121833.53,0.1643,0.4277
2023-03-03,24.6784207,24.87026708,24.49529461,24.81794534,33567430,952450381.7,0.2035,0.9936
2023-03-06,24.78306418,24.87898737,24.416812,24.53889606,32672959,920570916.47,0.1981,-1.1244
2023-03-07,24.48657432,25.96030333,24.48657432,25.17547723,78387766,2284645506.56,0.4753,2.5942
2023-03-08,25.0272323,25.06211346,24.66098012,24.83538592,28454472,810190200.27,0.1725,-1.3509
2023-03-09,24.87026708,25.32372216,24.74818302,24.89642795,25048490,716849463.91,0.1519,0.2458
2023-03-10,24.81794534,24.81794534,24.47785403,24.52145548,25588309,721618916.57,0.1552,-1.5061
2023-03-13,24.48657432,25.35860332,24.48657432,25.30628158,37614860,1079845031.94,0.2281,3.2006
2023-03-14,25.288841,25.6376526,24.94874969,25.05339317,29209809,844089997.08,0.1771,-0.9993
2023-03-15,25.2016381,25.34116274,24.96619027,25.14931636,24491055,706613399.88,0.1485,0.3829
2023-03-16,24.7656236,24.9400294,24.416812,24.45169316,38784225,1096094807.1,0.2352,-2.7739
2023-03-17,24.62609896,25.2016381,24.55633664,24.91386853,32714387,934465099.16,0.1984,1.8902
2023-03-20,24.99235114,25.56789028,24.75690331,25.14059607,43821463,1266005304.84,0.2657,0.91
2023-03-21,25.22779897,25.27140042,24.73946273,24.87898737,27682247,790375005.33,0.1679,-1.0406
2023-03-22,24.9400294,25.288841,24.87026708,25.17547723,23402482,673626094.1,0.1419,1.1917
2023-03-23,25.2016381,25.68125405,25.13187578,25.62021202,41978031,1225943161.37,0.2546,1.7665
2023-03-24,25.71613521,25.7248555,24.99235114,25.27140042,39365989,1139537999.23,0.2387,-1.3615
2023-03-27,24.3296091,24.48657432,23.8063917,24.13776272,87835227,2431589188.92,0.5326,-4.4859
2023-03-28,24.13776272,24.19880475,23.8063917,23.87615402,46981270,1289541729.29,0.2849,-1.0838
2023-03-29,23.96335692,24.00695837,23.70174822,23.78023083,24936004,680795797.52,0.1512,-0.4018
2023-03-30,23.78895112,24.54761635,23.7191888,24.53017577,44305490,1230610347.93,0.2687,3.1536
2023-03-31,24.46913374,24.65225983,24.37321055,24.56505693,19698581,554505210.95,0.1195,0.1422
2023-04-03,24.6784207,24.89642795,24.31216852,24.32088881,29088418,819131838.5,0.1764,-0.994
2023-04-04,24.3296091,24.66970041,24.25112649,24.59993809,22397803,629852625.71,0.1358,1.1474
2023-04-06,24.59993809,24.59993809,24.31216852,24.34704968,15825436,442952381.75,0.096,-1.028
2023-04-07,24.3296091,24.416812,24.10288156,24.19008446,20404288,566445279.58,0.1237,-0.6447
2023-04-10,24.0680004,24.12904243,23.92847576,24.07672069,19628455,540839122.56,0.119,-0.4686
2023-04-11,24.11160185,24.19008446,23.83255257,24.05055982,18154784,500091251.0,0.1101,-0.1087
2023-04-12,24.11160185,24.51273519,24.00695837,24.28600765,22675186,632170318.03,0.1375,0.979
2023-04-13,24.28600765,24.66970041,24.22496562,24.56505693,26012096,731536514.08,0.1577,1.149
2023-04-14,24.57377722,24.88770766,24.43425258,24.7656236,34501891,980999097.93,0.2092,0.8165
2023-04-17,24.75690331,25.42836564,24.66098012,25.32372216,38810310,1117778270.34,0.2353,2.2535
2023-04-18,25.39348448,25.68125405,25.25395984,25.61149173,31631048,926382513.81,0.1918,1.1364
2023-04-19,25.61149173,25.82077869,25.52428883,25.54172941,27505808,809395520.64,0.1668,-0.2724
2023-04-20,25.42836564,25.68125405,25.24523955,25.50684825,26302218,766926979.87,0.1595,-0.1366
2023-04-21,25.41964535,25.71613521,25.31500187,25.31500187,24305325,710778120.62,0.1474,-0.7521
2023-04-24,25.34988303,25.62021202,25.07955404,25.21035839,22569684,653847823.05,0.1369,-0.4134
2023-04-25,25.21035839,25.3760439,24.87898737,25.10571491,26424430,760084715.42,0.1602,-0.4151
2023-04-26,25.15803665,25.30628158,24.89642795,25.01851201,18068447,518930276.46,0.1096,-0.3473
2023-04-27,25.08827433,25.18419752,24.51273519,25.04467288,30568481,868740260.53,0.1854,0.1046
2023-04-28,24.98363085,25.42836564,24.92258882,25.35860332,21444005,620299256.31,0.13,1.2535
2023-05-04,25.15803665,25.90798159,24.78306418,25.78589753,36158924,1059445309.83,0.2193,1.685
2023-05-05,25.77717724,26.40503812,25.64637289,26.06494681,31801071,947989307.8,0.1928,1.0822
2023-05-08,26.05622652,28.00957148,26.05622652,27.66948017,83992266,2628118429.0,0.5093,6.1559
2023-05-09,27.89620771,28.39326424,27.51251495,27.62587872,53570366,1713380038.49,0.3248,-0.1576
2023-05-10,27.5561164,27.7305222,26.96313668,27.34682944,43999672,1374344928.94,0.2668,-1.0101
2023-05-11,27.2073048,27.34682944,26.79745117,27.05905987,25526433,791198911.68,0.1548,-1.0523
2023-05-12,27.07650045,27.42531205,26.72768885,26.89337436,28966046,895161624.81,0.1756,-0.6123
2023-05-15,26.73640914,27.00673813,26.55328305,26.90209465,31183760,958531066.18,0.1891,0.0324
2023-05-16,26.91953523,28.00085119,26.87593378,27.17242364,46032027,1443869647.55,0.2791,1.0049
2023-05-17,27.032899,27.13754248,26.66664682,26.83233233,27212398,837404006.48,0.165,-1.2516
2023-05-18,26.91081494,27.2073048,26.82361204,26.96313668,24208030,749208127.31,0.1468,0.4875
2023-05-19,26.91081494,27.19858451,26.64920624,26.97185697,17656180,546351827.64,0.1071,0.0323
2023-05-22,26.82361204,27.18986422,26.81489175,26.88465407,23379019,723271533.16,0.1418,-0.3233
2023-05-23,26.95441639,27.22474538,26.76257001,26.82361204,25141900,777605491.49,0.1525,-0.2271
2023-05-24,26.7712903,26.83233233,26.16087,26.32655551,43386479,1313266843.57,0.2631,-1.8531
2023-05-25,26.26551348,26.39631783,25.9864642,26.20447145,30667899,920351791.2,0.186,-0.4637
2023-05-26,26.06494681,26.0736671,25.52428883,25.5504497,30056909,886922908.05,0.1823,-2.4958
2023-05-29,25.5504497,25.85565985,25.06211346,25.68125405,31603177,921734527.74,0.1916,0.5119
2023-05-30,25.67253376,25.79461782,25.288841,25.43708593,18078696,529016906.25,0.1096,-0.9508
2023-05-31,25.27140042,25.27140042,24.39937142,24.61737867,46189600,1307457194.65,0.2801,-3.2225
2023-06-01,24.5040149,24.63481925,24.3296091,24.39065113,28754340,807058605.51,0.1744,-0.921
2023-06-02,24.416812,24.6784207,24.38193084,24.64353954,21183032,596642753.29,0.1285,1.0368
2023-06-05,24.51273519,24.98363085,24.51273519,24.90514824,22054585,627467144.64,0.1337,1.0616
2023-06-06,24.9400294,25.99518449,24.72202215,25.55916999,40131370,1177114968.71,0.2434,2.6261
2023-06-07,25.61149173,25.86438014,25.2016381,25.56789028,19506589,572055576.51,0.1183,0.0341
2023-06-08,25.62893231,25.86438014,25.51556854,25.8120584,14315981,421970028.17,0.0868,0.955
2023-06-09,25.78589753,25.8992613,25.56789028,25.68125405,14818910,436709237.63,0.0899,-0.5068
2023-06-12,25.58533086,26.16087,25.54172941,26.01262507,24916076,741438471.33,0.1511,1.2903
2023-06-13,25.94286275,26.13470913,25.69869463,25.82949898,13682860,405571068.07,0.083,-0.704
2023-06-14,25.89054101,26.27423377,25.89054101,26.18703087,23772395,713295903.56,0.1442,1.3842
2023-06-15,26.17831058,26.29167435,25.80333811,26.16087,20355981,609583794.24,0.1234,-0.0999
2023-06-16,26.20447145,26.49224102,26.0736671,26.12598884,20138508,605392548.12,0.1221,-0.1333
2023-06-19,26.12598884,26.43991928,25.95158304,26.00390478,14650148,440239562.1,0.0888,-0.4673
2023-06-20,26.15214971,26.18703087,25.86438014,25.9864642,15778081,470118240.96,0.0957,-0.0671
2023-06-21,25.85565985,26.2480729,25.85565985,25.99518449,19707351,590627938.79,0.1195,0.0336
2023-06-26,25.88182072,25.9864642,25.68125405,25.89054101,21037144,623423306.8,0.1276,-0.4025
2023-06-27,25.88182072,26.34399609,25.74229608,26.14342942,23715065,710522457.39,0.1438,0.9768
2023-06-28,26.16087,26.58816421,26.16087,26.48352073,26803913,811525927.59,0.1625,1.3009
2023-06-29,26.50096131,26.66664682,26.0736671,26.29167435,24687860,748406993.3,0.1497,-0.7244
2023-06-30,26.28295406,26.98929755,26.28295406,26.81489175,27039223,828519937.78,0.164,1.99
2023-07-03,26.6840874,27.26834683,26.6840874,27.17242364,34712366,1077136569.34,0.2105,1.3333
2023-07-04,27.1201019,27.36427002,27.05033958,27.12882219,32387108,1009506057.79,0.1964,-0.1605
2023-07-05,27.14782762,27.52778322,27.05283872,27.40429765,28096913,806090273.43,0.1704,1.0154
2023-07-06,27.24281652,27.48028877,27.13832873,27.19532207,14829392,425548880.05,0.0899,-0.7626
2023-07-07,27.10033317,27.49928655,27.10033317,27.2618143,13937582,400326569.59,0.0845,0.2445
2023-07-10,27.44229321,27.49928655,27.05283872,27.19532207,12527091,358918900.7,0.076,-0.2439
2023-07-11,27.38529987,27.38529987,27.03384094,27.08133539,11153288,318494443.4,0.0676,-0.4191
2023-07-12,27.18582318,27.19532207,26.8818587,26.99584538,12936160,368037300.5,0.0784,-0.3157
2023-07-13,27.0718365,27.39479876,26.99584538,27.24281652,12767569,366427833.6,0.0774,0.9148
2023-07-14,27.24281652,27.546781,27.24281652,27.41379654,11338183,327489688.98,0.0688,0.6276
2023-07-17,26.76787202,26.76787202,25.9319697,26.36891864,41915949,1159864059.62,0.2542,-3.8115
2023-07-18,26.45440865,26.58739311,26.24543307,26.43541087,22103553,616255049.66,0.134,0.2522
2023-07-19,26.22643529,26.75837313,26.22643529,26.55889644,12292167,343890308.66,0.0745,0.4671
2023-07-20,26.66338423,26.91035537,26.35941975,26.36891864,11856681,331720999.7,0.0719,-0.7153
2023-07-21,26.4069142,26.53989866,26.2169364,26.28342863,9627480,266883789.95,0.0584,-0.3242
2023-07-24,25.9319697,26.34992086,25.9319697,26.19793862,9404350,259563088.45,0.057,-0.3253
2023-07-25,26.5019031,26.87235981,26.38791642,26.81536647,19160519,539323287.84,0.1162,2.3568
2023-07-26,26.81536647,27.1668254,26.81536647,27.02434205,11611644,330595776.08,0.0704,0.7793
2023-07-27,27.0718365,27.19532207,26.86286092,26.95784982,10184756,289476122.88,0.0618,-0.246
2023-07-28,26.9768476,27.1668254,26.74887424,26.98634649,15063557,428117882.25,0.0913,0.1057
2023-07-31,27.1668254,27.49928655,26.84386314,26.95784982,17566686,500818951.3,0.1065,-0.1056
2023-08-01,26.92935315,27.14782762,26.8818587,27.01484316,9923564,282108579.53,0.0602,0.2114
2023-08-02,27.05283872,27.05283872,26.48290532,26.51140199,12447362,349578442.7,0.0755,-1.8636
2023-08-03,26.64438645,26.64438645,26.39741531,26.49240421,11599487,323588645.99,0.0703,-0.0717
2023-08-04,26.596892,26.77737091,26.35941975,26.4069142,15493985,432716265.49,0.094,-0.3227
2023-08-07,26.33092308,26.49240421,26.26443085,26.46390754,11061318,307345519.68,0.0671,0.2158
2023-08-08,26.35941975,26.66338423,26.28342863,26.52090088,9665646,269455330.52,0.0586,0.2154
2023-08-09,26.46390754,26.58739311,26.32142419,26.43541087,9369500,260439637.8,0.0568,-0.3223
2023-08-10,26.4069142,26.94835093,26.38791642,26.71087868,23348994,655888728.05,0.1416,1.042
2023-08-11,26.66338423,26.83436425,26.13144639,26.13144639,19820320,549017782.37,0.1202,-2.1693
2023-08-14,25.95096748,26.16944195,25.78948635,25.98896304,14538820,396775294.66,0.0882,-0.5453
2023-08-15,26.0269586,26.18843973,25.88447525,26.14094528,11685755,320514824.11,0.0709,0.5848
2023-08-16,26.07445305,26.19793862,25.97946415,26.0269586,7724200,212093933.47,0.0468,-0.436
2023-08-17,25.95096748,26.09345083,25.78948635,26.03645749,8358150,228333196.1,0.0507,0.0365
2023-08-18,26.03645749,26.17894084,25.9319697,25.97946415,9108638,249935244.1,0.0552,-0.2189
2023-08-21,26.09345083,26.09345083,25.647003,25.65650189,12570752,340339668.45,0.0762,-1.2431
2023-08-22,25.66600078,26.24543307,25.647003,26.14094528,14491577,396568961.04,0.0879,1.8882
2023-08-23,26.15044417,26.92935315,26.15044417,26.63488756,30431226,854600329.02,0.1845,1.8895
2023-08-24,26.71087868,26.91985426,26.34992086,26.41641309,17904917,501396428.66,0.1086,-0.8203
2023-08-25,26.43541087,26.64438645,26.36891864,26.49240421,12750323,355523195.72,0.0773,0.2877
2023-08-28,27.43279432,27.55627989,26.91985426,27.0718365,38412805,1100027322.86,0.2329,2.1872
2023-08-29,27.1668254,27.25231541,26.90085648,27.01484316,24199927,689740779.15,0.1467,-0.2105
2023-08-30,27.1668254,27.22381874,26.82486536,26.86286092,15596611,442797338.83,0.0946,-0.5626
2023-08-31,27.0718365,27.0718365,26.70137979,26.75837313,13585107,383820641.24,0.0824,-0.389
2023-09-01,26.89135759,27.42329543,26.7868698,27.30930875,28142804,806173958.1,0.1707,2.0589
2023-09-04,27.52778322,28.3066922,27.46129099,28.09771662,43862476,1294161457.75,0.266,2.887
2023-09-05,27.9267366,28.37318443,27.74625769,28.26869664,27530275,817427794.36,0.1669,0.6085
2023-09-06,28.23070108,28.43017777,28.05022217,28.19270552,20223794,600269825.87,0.1226,-0.2688
2023-09-07,28.19270552,28.49667,27.99322883,28.29719331,30782587,918260556.38,0.1867,0.3706
2023-09-08,28.09771662,28.24969886,27.84124659,27.96473216,14668306,431670346.7,0.0889,-1.1749
2023-09-11,28.0217255,28.7816367,27.97423105,28.29719331,24793600,742202361.03,0.1503,1.1889
2023-09-12,28.2117033,28.54416445,28.10721551,28.31619109,15067929,448370706.01,0.0914,0.0671
2023-09-13,28.47767222,28.86712671,28.32568998,28.74364114,23334535,704806122.68,0.1415,1.5096
2023-09-14,28.75314003,29.80751682,28.74364114,29.58904235,44310290,1374254288.91,0.2687,2.9412
2023-09-15,29.88350794,30.02599129,29.40856344,29.60804013,34688761,1084649679.31,0.2103,0.0642
2023-09-18,29.6365368,29.7315257,29.19958786,29.66503347,23070577,716849936.73,0.1399,0.1925
2023-09-19,29.68403125,30.07348574,29.5415479,29.80751682,27777977,872238151.61,0.1684,0.4803
2023-09-20,29.80751682,30.07348574,29.53204901,29.89300683,20414986,642218165.06,0.1238,0.2868
2023-09-21,29.81701571,29.95949906,29.50355234,29.59854124,17947320,560298350.62,0.1088,-0.9851
2023-09-22,29.74102459,29.8265146,29.2565812,29.68403125,24111489,751841397.71,0.1462,0.2888
2023-09-25,29.88350794,30.15897575,29.64603569,29.77902015,16895597,531322418.32,0.1025,0.32
2023-09-26,29.77902015,29.95000017,29.53204901,29.59854124,13074400,408130470.0,0.0793,-0.6061
2023-09-27,29.71252792,29.71252792,29.1615923,29.31357454,18173616,561252260.11,0.1102,-0.9628
2023-09-28,29.58904235,29.76002237,29.18059008,29.6365368,21460401,669199690.73,0.1301,1.1017
2023-10-09,29.446559,30.05448796,29.37056788,29.96899795,20813685,653276169.69,0.1262,1.1218
2023-10-10,29.96899795,29.96899795,29.42756122,29.50355234,14553459,453852331.0,0.0883,-1.5531
2023-10-11,29.68403125,29.70302903,28.9716145,29.31357454,21111901,649138852.75,0.128,-0.6439
2023-10-12,29.53204901,29.58904235,29.04760562,29.1615923,10079717,310359333.46,0.0611,-0.5185
2023-10-13,28.9716145,29.29457676,28.88612449,29.22808453,9838193,301601436.01,0.0597,0.228
2023-10-16,29.41806233,29.90250572,29.2565812,29.85501127,22762030,711356591.37,0.138,2.1449
2023-10-17,29.8265146,30.05448796,29.59854124,30.00699351,14159555,445183133.56,0.0859,0.5091
2023-10-18,29.93100239,30.44394245,29.8265146,30.0164924,17889982,566673985.6,0.1085,0.0317
2023-10-19,29.8265146,29.90250572,29.36106899,29.39906455,14843709,461572536.25,0.09,-2.057
2023-10-20,29.48455456,29.59854124,29.14259452,29.23758342,12062799,371668739.63,0.0731,-0.5493
2023-10-23,29.2565812,29.446559,29.02860784,29.38006677,15682217,482817172.99,0.0951,0.4873
2023-10-24,29.33257232,29.40856344,28.74364114,29.05710451,20749811,634629093.22,0.1258,-1.0993
2023-10-25,29.33257232,29.39906455,28.81963226,28.83863004,18599936,569314535.9,0.1128,-0.7519
2023-10-26,28.94311783,29.30407565,28.71514447,29.01910895,15235108,464767493.59,0.0924,0.6258
2023-10-27,28.9716145,29.22808453,28.81013337,28.82913115,13244711,405160060.87,0.0803,-0.6547
2023-10-30,28.82913115,29.01910895,28.22120219,28.22120219,24387039,729982731.49,0.1479,-2.1087
2023-10-31,28.20220441,28.9716145,28.16420885,28.80063448,18757968,567805833.65,0.1137,2.0532
2023-11-01,28.69614669,28.89562338,28.35418665,28.77213781,15332646,461401282.56,0.093,-0.0989
2023-11-02,29.00961006,29.20908675,28.7816367,28.96211561,12623350,385103041.0,0.0765,0.6603
2023-11-03,29.09510007,29.38006677,28.76263892,28.84812893,13198963,402768066.29,0.08,-0.3936
2023-11-06,28.80063448,28.94311783,27.8317477,28.00272772,35503709,1049911264.54,0.2153,-2.9305
2023-11-07,27.86024437,28.35418665,27.86024437,28.16420885,15461860,458104458.86,0.0938,0.5767
2023-11-08,28.00272772,28.35418665,27.97423105,28.26869664,16041846,476486074.63,0.0973,0.371
2023-11-09,28.37318443,29.2565812,28.33518887,29.18059008,25151414,767003695.98,0.1525,3.2258
2023-11-10,29.15209341,29.65553458,28.8766256,29.5415479,23888049,738245240.48,0.1449,1.237
2023-11-13,29.57954346,29.7315257,29.02860784,29.38006677,13875046,427541766.64,0.0841,-0.5466
2023-11-14,29.33257232,29.5415479,29.01910895,29.11409785,11357198,348475313.8,0.0689,-0.9053
2023-11-15,29.24708231,29.38006677,29.01910895,29.19958786,11300867,347195209.32,0.0685,0.2936
2023-11-16,29.17109119,29.32307343,28.92412005,29.22808453,12905634,396449011.68,0.0783,0.0976
2023-11-17,29.1615923,29.36106899,28.96211561,29.2565812,16333750,501373436.76,0.099,0.0975
2023-11-20,29.28507787,29.29457676,28.88612449,29.18059008,12786861,392275402.68,0.0775,-0.2597
2023-11-21,29.23758342,29.6365368,29.14259452,29.17109119,16415293,507131729.54,0.0995,-0.0326
2023-11-22,29.08560118,29.30407565,28.95261672,29.11409785,11327386,347606530.61,0.0687,-0.1954
2023-11-23,29.08560118,29.47505567,29.01910895,29.39906455,12617696,388416922.48,0.0765,0.9788
2023-11-24,29.32307343,29.75052348,29.31357454,29.49405345,18318834,570483455.7,0.1111,0.3231
2023-11-27,29.68403125,29.83601349,29.38956566,29.68403125,17029848,531364524.37,0.1033,0.6441
2023-11-28,29.66503347,29.67453236,29.19958786,29.43706011,14130244,437970409.77,0.0857,-0.832
2023-11-29,29.61753902,29.70302903,29.45605789,29.60804013,14524691,452755812.37,0.0881,0.5808
2023-11-30,29.49405345,29.9215035,29.48455456,29.91200461,26636366,834688059.88,0.1615,1.0266
2023-12-01,29.91200461,30.13997797,29.72202681,29.93100239,27771925,873953883.4,0.1684,0.0635
2023-12-04,29.91200461,30.22546798,29.8265146,30.16847464,22312985,706298405.54,0.1353,0.7934
2023-12-05,30.09248352,30.28246132,29.6365368,29.71252792,20470962,646469549.96,0.1241,-1.5113
2023-12-06,29.69353014,29.72202681,29.24708231,29.48455456,17270861,534605391.08,0.1047,-0.7673
2023-12-07,29.45605789,29.45605789,29.02860784,29.03810673,21192939,651455762.55,0.1285,-1.5142
2023-12-08,29.01910895,29.38956566,28.69614669,29.04760562,24118338,738170242.71,0.1463,0.0327
2023-12-11,28.89562338,29.66503347,28.56316223,29.52255012,35061680,1080259144.35,0.2126,1.6351
2023-12-12,29.43706011,29.68403125,29.14259452,29.68403125,21496782,665856616.39,0.1304,0.547
2023-12-13,29.65553458,29.65553458,29.18059008,29.23758342,16324302,503955898.21,0.099,-1.504
2023-12-14,29.33257232,29.39906455,28.93361894,29.15209341,19882184,611116973.64,0.1206,-0.2924
2023-12-15,29.1615923,29.48455456,28.8766256,28.88612449,24209373,741405716.74,0.1468,-0.9123
2023-12-18,28.89562338,29.36106899,28.66765002,29.20908675,24949439,764175067.39,0.1513,1.1181
2023-12-19,29.2565812,29.446559,29.01910895,29.2565812,17796249,547368201.21,0.1079,0.1626
2023-12-20,29.3515701,29.77902015,29.2565812,29.47505567,27297628,850000677.99,0.1655,0.7468
2023-12-21,29.46555678,29.61753902,28.95261672,29.22808453,26707631,820883853.6,0.162,-0.8379
2023-12-22,29.27557898,30.00699351,29.23758342,29.80751682,32897835,1030794698.76,0.1995,1.9825
2023-12-25,29.78851904,30.22546798,29.59854124,30.16847464,27806336,876124666.18,0.1686,1.211
2023-12-26,30.25396465,30.89039028,29.69353014,29.74102459,38167503,1217885549.45,0.2314,-1.4169
2023-12-27,29.9215035,30.25396465,29.65553458,30.06398685,23625589,745730129.84,0.1433,1.0859
2023-12-28,30.06398685,30.396448,29.32307343,29.65553458,37538182,1172698912.09,0.2276,-1.3586
2023-12-29,29.52255012,29.9215035,29.45605789,29.77902015,25745245,805664369.62,0.1561,0.4164
2024-01-02,29.81701571,31.01387585,29.79801793,30.75740582,42184092,1359959599.57,0.2558,3.2855
2024-01-03,30.74790693,31.51731702,30.6814147,31.32733922,31978825,1050710214.79,0.1939,1.853
2024-01-04,31.35583589,31.9162704,31.35583589,31.75478927,39050803,1301177411.55,0.2368,1.3645
2024-01-05,31.65980037,32.1062482,31.42232812,31.77378705,31655586,1060931502.35,0.192,0.0598
2024-01-08,31.6313037,32.11574709,31.39383145,31.96376485,45969032,1541399296.99,0.2788,0.5979
2024-01-09,31.8212815,32.43870935,31.55531258,32.34372045,29580995,999884013.67,0.1794,1.1887
2024-01-10,32.34372045,32.7711705,31.85927706,32.15374265,24398494,827465178.12,0.148,-0.5874
2024-01-11,32.15374265,32.15374265,31.50781813,31.58380925,29463357,983251641.6,0.1787,-1.7725
2024-01-12,31.48882035,32.00176041,31.40333034,31.93526818,21163491,707212657.98,0.1283,1.1128
2024-01-15,31.8212815,32.46720602,31.75478927,32.33422156,23839567,808029742.6,0.1446,1.2493
2024-01-16,32.19173821,32.74267383,32.12524598,32.56219492,21816280,746362168.0,0.1323,0.7051
2024-01-17,32.46720602,32.92315274,32.33422156,32.42921046,31967604,1098217725.18,0.1938,-0.4084
2024-01-18,32.42921046,32.6761816,31.5363148,32.36271823,46466888,1567030066.78,0.2818,-0.205
2024-01-19,32.30572489,32.30572489,31.16585809,31.58380925,60297481,2003791322.38,0.3656,-2.4068
2024-01-22,31.55531258,31.81178261,31.01387585,31.30834144,38100918,1262454097.4,0.231,-0.8722
2024-01-23,31.17535698,32.1062482,31.01387585,31.93526818,29930816,993815363.12,0.1815,2.0024
2024-01-24,32.09674931,32.9611483,31.90677151,32.87565829,32600623,1115547091.25,0.1977,2.9447
2024-01-25,33.03713942,33.61657171,32.72367605,33.36010168,33269597,1161608331.14,0.2017,1.4736
2024-01-26,33.246115,34.15800844,33.1511261,34.0060262,30660100,1086920592.74,0.1859,1.9362
2024-01-29,34.02502398,34.22450067,33.7210595,33.86354285,25157315,899957523.59,0.1526,-0.419
2024-01-30,33.9110373,34.196004,33.48358725,33.96803064,27717552,990488153.48,0.1681,0.3086
2024-01-31,33.61657171,35.32637191,33.57857615,35.25987968,46737348,1711930598.38,0.2834,3.8031
2024-02-01,35.00340965,35.09839855,34.22450067,34.4809707,34954276,1273620130.57,0.212,-2.2091
2024-02-02,34.4809707,35.4308597,34.1010151,35.16489078,42696282,1564773418.87,0.2589,1.9835
2024-02-05,34.96541409,36.21926757,34.8609263,36.21926757,41335662,1557724730.75,0.2507,2.9984
2024-02-06,36.04828755,36.6657154,35.53534749,35.84881086,43284055,1639413858.82,0.2625,-1.0228
2024-02-07,35.84881086,36.72270874,34.9559152,36.65621651,51536462,1937181244.23,0.3125,2.2523
2024-02-08,36.37124981,36.44724093,35.64933417,36.16227423,36272091,1375426716.96,0.22,-1.3475
2024-02-19,35.91530309,37.94806555,35.63033639,37.81508109,40326529,1576991694.24,0.2445,4.5705
2024-02-20,37.76758664,38.24253114,37.31163992,37.76758664,30985576,1232997855.72,0.1879,-0.1256
2024-02-21,37.76758664,38.02405667,37.35913437,37.59660662,34692133,1373552961.86,0.2104,-0.4527
2024-02-22,37.39712993,38.945449,37.30214103,38.78396787,41316132,1665190976.27,0.2505,3.1582
2024-02-23,38.8504601,38.8504601,37.5206155,37.85307665,37105415,1486927211.53,0.225,-2.4002
2024-02-26,37.36863326,37.7105933,36.49473538,36.6657154,50102990,1949242971.98,0.3038,-3.1368
2024-02-27,36.4757376,37.03617211,36.30475758,36.64671762,30242950,1163736850.5,0.1834,-0.0518
2024-02-28,36.54222983,37.25464658,35.95329865,37.045671,48928559,1883380070.12,0.2967,1.0886
2024-02-29,36.6657154,36.93168432,36.30475758,36.6657154,37572751,1446115660.47,0.2278,-1.0256
2024-03-01,36.42824315,36.98867766,36.17177312,36.45673982,32051478,1231988718.34,0.1944,-0.5699
2024-03-04,36.2857598,37.1406599,36.12427867,37.03617211,42137234,1630718657.2,0.2555,1.5894
2024-03-05,37.00767544,37.78658442,36.8556932,37.56810995,38384327,1509659254.87,0.2328,1.4363
2024-03-06,37.56810995,38.35651782,37.19765324,37.44462438,36900751,1466842882.93,0.2238,-0.3287
2024-03-07,37.31163992,38.13804335,37.2356488,38.08105001,31494276,1254567410.76,0.191,1.6996
2024-03-08,37.92906777,38.08105001,37.19765324,37.75808775,30809455,1220691586.81,0.1868,-0.8481
2024-03-11,37.5206155,37.67259774,36.3807487,36.7607043,40288021,1562064282.15,0.2443,-2.6415
2024-03-12,36.5707265,36.6657154,35.06990188,35.31687302,65997701,2475861303.03,0.4002,-3.9276
2024-03-13,35.29787524,35.30737413,34.56646071,35.21238523,35628203,1313211445.5,0.216,-0.2959
2024-03-14,35.13639411,35.64933417,34.6709485,35.54484638,33722920,1250571634.36,0.2045,0.9442
2024-03-15,35.38336525,35.5258486,34.40497958,35.44035859,44778666,1654217244.97,0.2715,-0.294
2024-03-18,35.00340965,35.08889966,34.55696182,34.91791964,38624101,1415122016.38,0.2342,-1.4741
2024-03-19,34.77543629,36.1907709,34.69944517,35.45935637,37338641,1397185993.84,0.2264,1.5506
2024-03-20,35.38336525,36.15277534,35.01290854,35.61133861,28673923,1076852461.89,0.1739,0.4286
2024-03-21,35.5258486,36.12427867,35.0509041,35.78231863,30620434,1151292309.0,0.1857,0.4801
2024-03-22,35.78231863,36.18127201,35.45935637,36.03878866,33265084,1256819228.71,0.2017,0.7168
2024-03-25,35.3358708,37.18815435,35.16489078,36.58022539,51160466,1974872583.97,0.3102,1.5024
2024-03-26,37.03617211,37.045671,35.64933417,36.12427867,38554813,1462339696.0,0.2338,-1.2464
2024-03-27,36.25726313,37.2356488,36.15277534,36.89368876,32594013,1267079522.06,0.1976,2.1299
2024-03-28,36.9506821,37.17865546,36.43774204,36.70371096,34991740,1355151827.96,0.2122,-0.5149
2024-03-29,36.62771984,37.46362216,36.48523649,37.13116101,23946673,935555815.38,0.1452,1.1646
2024-04-01,37.1406599,37.15015879,36.095782,36.45673982,38410759,1474998365.18,0.2329,-1.8163
2024-04-02,36.44724093,37.16915657,36.29525869,37.09316545,32697622,1270473622.9,0.1983,1.7457
2024-04-03,37.09316545,37.75808775,36.93168432,37.60610551,27795306,1094833892.44,0.1685,1.3828
2024-04-08,37.38763104,37.99556,36.93168432,37.59660662,23025510,911287247.56,0.1396,-0.0253
2024-04-09,37.73908997,38.05255334,37.22614991,37.70109441,19673782,778862991.14,0.1193,0.2779
2024-04-10,37.69159552,38.54649562,37.66309885,38.11904557,30002489,1207440233.71,0.1819,1.1086
2024-04-11,37.99556,38.45150672,37.6156044,37.99556,19469582,778950662.37,0.1181,-0.3239
2024-04-12,37.9005711,38.07155112,37.51111661,37.73908997,21525318,856917937.95,0.1305,-0.675
2024-04-15,37.7105933,39.17342236,37.68209663,38.99294345,33012766,1344997867.72,0.2002,3.3224
2024-04-16,38.99294345,40.07581691,38.82196343,39.6103713,39246863,1633266946.26,0.238,1.5834
2024-04-17,39.5153824,39.88583911,38.84096121,39.8003491,25015767,1040330011.51,0.1517,0.4796
2024-04-18,39.52488129,40.2752936,39.01194123,39.28740904,26529769,1101573769.46,0.1609,-1.2888
2024-04-19,39.02144012,40.0853158,38.99294345,39.79085021,26154651,1092067249.63,0.1586,1.2814
2024-04-22,39.78135132,40.43677473,38.22353336,38.2805267,32248938,1326480560.39,0.1956,-3.7957
2024-04-23,37.91006999,38.46100561,37.05516989,37.9005711,27856359,1105479144.31,0.1689,-0.9926
2024-04-24,38.2805267,38.42301005,37.40662882,37.8055822,22562994,897523874.66,0.1368,-0.2506
2024-04-25,37.72959108,38.2805267,37.47312105,37.95756444,20235973,805516018.77,0.1227,0.402
2024-04-26,37.75808775,38.10954668,37.5206155,37.56810995,28337837,1124901991.84,0.1718,-1.026
2024-04-29,37.50161772,37.50161772,36.67521429,37.045671,41781253,1627219755.45,0.2534,-1.3906
2024-04-30,37.045671,38.00505889,36.96018099,37.83407887,29738706,1181284332.52,0.1803,2.1282
2024-05-06,37.70109441,37.73908997,36.8556932,37.56810995,33779856,1327794955.45,0.2048,-0.703
2024-05-07,37.51111661,37.98606111,37.4256266,37.92906777,22047370,874634657.35,0.1337,0.9608
2024-05-08,38.00505889,39.37289905,38.00505889,39.08793235,38193795,1563614148.14,0.2316,3.0553
2024-05-09,38.93595011,39.2304157,38.57499229,38.80296565,26529150,1085533595.98,0.1609,-0.729
2024-05-10,38.79346676,39.1354268,38.62248674,38.91695233,22703051,930336198.18,0.1377,0.2938
2024-05-13,38.71747564,38.90745344,37.94806555,38.73647342,21847559,885569852.06,0.1325,-0.4638
2024-05-14,38.57499229,38.68897897,37.66309885,38.25203003,26466990,1059420514.65,0.1605,-1.2506
2024-05-15,37.99556,38.30902337,37.85307665,38.15704113,14442600,580030805.0,0.0876,-0.2483
2024-05-16,38.15704113,38.20453558,37.56810995,37.6156044,21260529,845715367.06,0.1289,-1.419
2024-05-17,37.54911217,37.91956888,37.4256266,37.89107221,20810624,826849054.66,0.1262,0.7323
2024-05-20,37.9005711,39.05943568,37.86257554,38.87895677,27194546,1102205421.88,0.1649,2.6072
2024-05-21,38.83146232,39.895338,38.60348896,39.86684133,29403082,1223226685.41,0.1783,2.5409
2024-05-22,39.8003491,40.38928028,39.57237574,39.64836686,24271138,1021576681.86,0.1472,-0.548
2024-05-23,39.61987019,40.01882357,39.34440238,39.895338,16752780,701346230.26,0.1016,0.6229
2024-05-24,39.97132912,40.0853158,39.2304157,39.23991459,16586026,692441764.6,0.1006,-1.6429
2024-05-27,39.50588351,40.86422478,39.43939128,39.895338,25686009,1085400983.03,0.1558,1.6703
2024-05-28,39.90483689,41.23468149,39.83834466,40.7502381,23792715,1019209517.67,0.1443,2.1429
2024-05-29,40.7502381,41.46265485,40.4652714,41.27267705,21603456,936354991.22,0.131,1.2821
2024-05-30,40.94971479,41.66213154,40.5602603,40.93071701,23332714,1008183737.28,0.1415,-0.8285
2024-05-31,41.09219814,41.2251826,40.20880137,40.20880137,20058323,861131054.59,0.1216,-1.7638
2024-06-03,40.5602603,41.39616262,40.48426918,41.16818926,26577489,1149105254.44,0.1612,2.386
2024-06-04,41.05420258,41.09219814,40.20880137,40.21830026,33072957,1410263846.0,0.2006,-2.3073
2024-06-05,40.18980359,41.2251826,40.0853158,40.60775475,26564584,1140452161.46,0.1611,0.9684
2024-06-06,40.62675253,42.51703164,40.62675253,41.94709824,32650986,1436926363.64,0.198,3.2982
2024-06-07,41.99459269,42.16557271,41.65263265,41.93759935,22146552,976772115.6,0.1343,-0.0226
2024-06-11,41.94709824,42.28905828,40.94971479,41.26317816,24360172,1061274421.81,0.1477,-1.6082
2024-06-12,41.06370147,42.60252165,40.85472589,42.41254385,26472574,1165577281.56,0.1605,2.7855
2024-06-13,42.2700605,42.72600722,41.95659713,42.34605162,18226751,811191865.52,0.1105,-0.1568
2024-06-14,42.22256605,42.85899168,41.795116,42.12757715,28165983,1254276607.45,0.1708,-0.5159
2024-06-17,42.00409158,42.24156383,41.1301937,41.35816706,27547526,1203300142.17,0.167,-1.8264
2024-06-18,41.33916928,41.53864597,40.6552492,41.38666373,16946544,733578403.62,0.1028,0.0689
2024-06-19,41.2251826,41.90910268,41.00670813,41.26317816,23464678,1020956159.86,0.1423,-0.2984
2024-06-20,41.23468149,42.58352387,41.02570591,42.39354607,35704871,1581944071.86,0.2165,2.7394
2024-06-21,42.18457049,42.44104052,41.56714264,41.89960379,19866304,877530033.18,0.1205,-1.1651
2024-06-24,42.07058381,42.3650494,41.70962599,42.03258825,20110686,889964384.32,0.1219,0.3174
2024-06-25,42.11807826,42.13707604,41.48165263,41.72862377,18014773,791410461.88,0.1092,-0.7232
2024-06-26,41.62413598,41.93759935,40.89272145,41.55764375,18863833,820565526.76,0.1144,-0.4097
2024-06-27,41.38666373,41.78561711,41.00670813,41.3201715,25068964,1092496965.48,0.152,-0.5714
2024-06-28,41.06370147,42.39354607,41.0352048,42.14657493,22105842,974522927.88,0.134,2.0
2024-07-01,42.18457049,43.65689844,42.1750716,43.01097392,20995421,949937575.24,0.1273,2.0509
2024-07-02,43.0299717,43.58090732,42.51703164,43.5049162,22674028,1029197856.58,0.1375,1.1484
2024-07-03,43.3149384,43.71389178,42.66901388,42.98247725,20169551,914594069.02,0.1223,-1.2009
2024-07-04,42.97297836,43.48591842,42.97297836,43.1249606,16058960,730078877.44,0.0974,0.3315
2024-07-05,43.1249606,43.39092952,41.88060601,42.8399939,27405677,1227117790.53,0.1662,-0.6608
2024-07-08,42.8,43.63,42.3,43.38,25661548,1105464937.75,0.1556,1.2605
2024-07-09,43.3,43.55,42.71,43.4,23794751,1029772331.46,0.1443,0.0461
2024-07-10,43.09,43.2,41.18,41.71,47960407,2005410933.33,0.2908,-3.894
2024-07-11,41.33,42.11,40.87,41.68,34006914,1411332494.81,0.2062,-0.0719
2024-07-12,41.53,42.03,40.91,41.21,24098086,997563761.54,0.1461,-1.1276
2024-07-15,41.0,42.44,40.8,42.39,24825023,1044852717.16,0.1505,2.8634
2024-07-16,42.25,42.6,41.89,42.41,20050250,846564006.43,0.1216,0.0472
2024-07-17,42.38,42.57,41.44,41.72,21983510,918227283.83,0.1333,-1.627
2024-07-18,41.9,42.13,41.49,42.05,17205894,721006955.96,0.1043,0.791
2024-07-19,42.03,42.17,41.48,41.97,22318200,933287514.01,0.1353,-0.1902
2024-07-22,41.73,41.91,39.9,41.73,39510434,1617790892.77,0.2396,-0.5718
2024-07-23,41.5,41.85,40.9,41.06,18091660,746132805.5,0.1097,-1.6056
2024-07-24,40.96,41.95,40.8,41.76,18227400,754743911.82,0.1105,1.7048
2024-07-25,41.72,41.72,40.68,41.25,21256537,873625845.09,0.1289,-1.2213
2024-07-26,41.25,41.4,40.46,40.8,18175082,742036178.48,0.1102,-1.0909
2024-07-29,40.58,41.11,40.45,40.84,13837592,563827675.57,0.0839,0.098
2024-07-30,40.68,40.76,39.52,39.8,22295682,890684437.04,0.1352,-2.5465
2024-07-31,39.81,40.25,39.41,39.75,25212841,1005030834.48,0.1529,-0.1256
2024-08-01,39.99,40.32,39.26,39.41,21150777,836924876.11,0.1283,-0.8553
2024-08-02,39.2,39.29,38.51,39.11,16902448,658011025.19,0.1025,-0.7612
2024-08-05,38.85,38.86,38.23,38.47,22031849,848642292.95,0.1336,-1.6364
2024-08-06,38.51,38.7,37.89,38.15,19075806,728251590.36,0.1157,-0.8318
2024-08-07,38.15,39.39,38.01,38.88,21032000,820639226.36,0.1275,1.9135
2024-08-08,39.0,39.48,38.86,38.89,14563020,569208406.77,0.0883,0.0257
2024-08-09,38.8,39.3,38.5,39.05,11124510,432957503.79,0.0675,0.4114
2024-08-12,38.82,39.65,38.63,39.3,13093996,515315214.99,0.0794,0.6402
2024-08-13,39.3,39.72,38.82,39.08,12193738,477524776.94,0.0739,-0.5598
2024-08-14,39.0,39.4,38.53,39.13,8949140,350139529.45,0.0543,0.1279
2024-08-15,39.0,40.38,38.95,40.19,23436598,936591933.17,0.1421,2.7089
2024-08-16,40.19,40.64,40.07,40.53,13713993,554561585.66,0.0832,0.846
2024-08-19,40.53,41.21,40.26,40.35,13625257,554332985.74,0.0826,-0.4441
2024-08-20,40.36,40.45,39.44,39.69,14046750,558450463.71,0.0852,-1.6357
2024-08-21,39.84,40.08,39.1,39.77,12976628,512884589.07,0.0787,0.2016
2024-08-22,39.77,40.07,39.51,39.93,10675390,425313918.1,0.0647,0.4023
2024-08-23,39.81,40.99,39.76,40.28,13291150,536768585.89,0.0806,0.8765
2024-08-26,40.35,40.55,39.81,40.35,11988715,481326862.14,0.0727,0.1738
2024-08-27,40.34,41.79,40.15,41.7,21791457,899510042.66,0.1321,3.3457
2024-08-28,41.53,42.18,41.05,41.41,15814204,656182517.45,0.0959,-0.6954
2024-08-29,41.38,41.5,40.46,40.75,12686400,518517206.92,0.0769,-1.5938
2024-08-30,40.51,41.03,39.77,40.55,21526502,873048968.28,0.1305,-0.4908
2024-09-02,40.51,41.49,40.08,41.08,21124388,868256646.58,0.1281,1.307
2024-09-03,41.08,41.75,39.8,40.18,19006283,768474527.16,0.1153,-2.1908
2024-09-04,40.0,40.2,39.55,39.66,13262800,527785454.0,0.0804,-1.2942
2024-09-05,39.63,40.06,38.61,38.72,25277785,983408032.09,0.1533,-2.3701
2024-09-06,38.7,39.03,38.03,38.04,16940537,650242652.97,0.1027,-1.7562
2024-09-09,38.0,38.04,36.62,37.22,26253998,974585238.31,0.1592,-2.1556
2024-09-10,37.2,38.23,37.17,37.49,18615520,701532451.0,0.1129,0.7254
2024-09-11,37.2,37.28,35.95,36.74,24270652,884397732.95,0.1472,-2.0005
2024-09-12,36.93,37.83,36.59,37.61,24260306,903595753.68,0.1471,2.368
2024-09-13,37.5,38.19,37.5,37.85,14576499,552672159.75,0.0884,0.6381
2024-09-18,37.62,38.8,37.62,38.24,13342930,512107625.6,0.0809,1.0304
2024-09-19,38.44,38.44,37.05,38.0,23297289,876352274.58,0.1413,-0.6276
2024-09-20,37.95,38.68,37.83,38.5,21632796,828847490.9,0.1312,1.3158
2024-09-23,38.33,39.49,38.21,39.1,16307843,636217425.32,0.0989,1.5584
2024-09-24,39.7,41.19,39.25,41.18,34169835,1378344625.27,0.2072,5.3197
2024-09-25,42.0,42.9,41.39,41.78,29689657,1244481291.6,0.18,1.457
2024-09-26,42.0,42.77,41.53,42.73,28172620,1191462496.06,0.1708,2.2738
2024-09-27,43.51,43.51,41.5,41.81,24452686,1027113357.19,0.1483,-2.1531
2024-09-30,42.32,44.97,41.2,43.6,95933756,4072673205.85,0.5817,4.2813
2024-10-08,47.1,47.5,40.77,42.44,118468401,5132317102.06,0.7184,-2.6606
2024-10-09,41.92,42.53,40.32,40.35,58165757,2402306537.52,0.3527,-4.9246
2024-10-10,40.5,43.76,40.5,42.95,75539975,3219836367.36,0.4581,6.4436
2024-10-11,43.15,44.05,42.0,42.6,51444614,2207725230.32,0.312,-0.8149
2024-10-14,42.4,43.55,41.92,42.67,34966984,1493669608.71,0.212,0.1643
2024-10-15,42.64,42.98,41.81,41.81,26721364,1130038118.17,0.162,-2.0155
2024-10-16,41.68,42.13,41.27,41.53,21012405,874122094.55,0.1274,-0.6697
2024-10-17,41.58,42.47,40.97,40.99,21766350,904721687.51,0.132,-1.3003
2024-10-18,41.05,42.4,40.86,41.98,36328052,1516227020.04,0.2203,2.4152
2024-10-21,41.92,42.45,41.1,41.32,34904069,1451494331.27,0.2117,-1.5722
2024-10-22,41.33,41.67,41.04,41.44,25286520,1046469322.37,0.1533,0.2904
2024-10-23,41.38,41.64,40.88,41.05,29019434,1193892612.58,0.176,-0.9411
2024-10-24,41.05,41.46,40.76,41.29,22810370,941357409.27,0.1383,0.5847
2024-10-25,41.29,41.37,40.81,40.93,19106601,783650867.58,0.1159,-0.8719
2024-10-28,41.34,42.0,40.86,41.1,35549328,1468390464.23,0.2156,0.4153
2024-10-29,41.03,41.37,40.59,40.98,27675361,1134616960.49,0.1678,-0.292
2024-10-30,40.88,41.22,40.11,40.44,24195808,980182025.5,0.1467,-1.3177
2024-10-31,40.31,40.53,39.5,40.04,26452128,1057272282.06,0.1604,-0.9891
2024-11-01,40.03,41.44,40.03,41.07,35744209,1461539082.16,0.2167,2.5724
2024-11-04,41.12,41.16,40.3,40.75,24267301,983277997.63,0.1472,-0.7792
2024-11-05,40.65,41.05,40.43,41.03,23237996,947137857.81,0.1409,0.6871
2024-11-06,41.05,41.48,40.24,40.33,33610454,1367244038.42,0.2038,-1.7061
2024-11-07,40.33,40.83,40.12,40.81,29915784,1212736938.24,0.1814,1.1902
2024-11-08,40.81,41.38,39.87,40.19,40189144,1626336617.02,0.2437,-1.5192
2024-11-11,39.69,39.8,39.03,39.38,33816602,1329739610.74,0.2051,-2.0154
2024-11-12,39.22,39.66,38.88,38.91,35772296,1399425975.52,0.2169,-1.1935
2024-11-13,38.77,39.9,38.67,39.37,35778306,1411951434.08,0.217,1.1822
2024-11-14,39.11,40.1,38.93,39.61,33176988,1320144091.21,0.2012,0.6096
2024-11-15,39.58,40.4,39.2,40.14,41347455,1652894760.1,0.2507,1.338
2024-11-18,39.99,41.5,39.93,41.43,57225124,2354747666.04,0.347,3.2138
2024-11-19,41.43,41.64,40.66,41.11,34989650,1439136955.0,0.2122,-0.7724
2024-11-20,40.85,41.24,40.8,41.04,22181812,909162370.22,0.1345,-0.1703
2024-11-21,40.96,41.56,40.9,41.19,20264111,836026890.77,0.1229,0.3655
2024-11-22,41.19,41.32,39.8,39.8,27344613,1102845126.54,0.1658,-3.3746
2024-11-25,40.18,40.37,39.5,40.11,23738154,947580670.45,0.1439,0.7789
2024-11-26,39.63,40.12,39.15,39.8,18937511,754243134.85,0.1148,-0.7729
2024-11-27,39.81,40.67,39.65,40.6,25259747,1019940911.47,0.1532,2.0101
2024-11-28,40.59,40.74,40.18,40.27,15727994,635920735.31,0.0954,-0.8128
2024-11-29,40.48,40.58,39.9,39.96,18674429,750723709.76,0.1132,-0.7698
2024-12-02,39.8,39.92,39.1,39.61,37189672,1464764181.32,0.2255,-0.8759
2024-12-03,39.5,40.24,39.41,40.23,26866838,1071787399.42,0.1629,1.5653
2024-12-04,39.98,42.3,39.9,42.1,58311699,2421933717.57,0.3536,4.6483
2024-12-05,41.99,42.25,41.67,41.92,23911350,1003548599.2,0.145,-0.4276
2024-12-06,41.97,42.68,41.9,42.34,26569423,1124814716.23,0.1611,1.0019
2024-12-09,41.9,42.98,41.51,42.5,24503449,1039387366.86,0.1486,0.3779
2024-12-10,43.41,43.66,42.11,42.54,34904684,1489367528.13,0.2117,0.0941
2024-12-11,42.54,43.4,42.43,43.38,29090148,1252026890.91,0.1764,1.9746
2024-12-12,43.27,43.4,42.52,43.11,25901216,1114364682.45,0.1571,-0.6224
2024-12-13,42.96,43.13,42.34,42.6,43169576,1838751267.71,0.2618,-1.183
2024-12-16,42.35,43.59,42.35,43.45,36796839,1592470311.59,0.2231,1.9953
2024-12-17,43.33,44.2,42.72,42.8,29378460,1271383300.18,0.1781,-1.496
2024-12-18,43.18,43.85,42.93,43.06,28246607,1223356556.14,0.1713,0.6075
2024-12-19,42.72,43.35,42.5,42.61,17271439,739556626.41,0.1047,-1.0451
2024-12-20,42.6,42.72,41.05,41.34,40108006,1664064918.94,0.2432,-2.9805
2024-12-23,41.2,42.17,40.98,41.78,33490704,1397011568.48,0.2031,1.0643
2024-12-24,41.7,41.98,41.16,41.74,19596957,815761895.21,0.1188,-0.0957
2024-12-25,41.82,43.26,41.74,42.9,28346879,1210170702.22,0.1719,2.7791
2024-12-26,42.68,43.09,42.1,42.13,22177671,938499372.87,0.1345,-1.7949
2024-12-27,42.18,42.53,41.68,42.19,18649827,785971307.72,0.1131,0.1424
2024-12-30,42.4,43.29,42.4,42.78,21762071,932948659.9,0.132,1.3984
2024-12-31,42.9,43.97,42.7,43.48,35871662,1563375731.04,0.2175,1.6363
2025-01-02,43.34,43.99,42.3,42.59,30361375,1306206672.59,0.1841,-2.0469
2025-01-03,42.92,43.01,41.97,42.07,24085702,1020680626.32,0.1461,-1.2209
2025-01-06,42.2,42.33,41.42,41.81,21589723,902132666.43,0.1309,-0.618
2025-01-07,41.83,41.92,40.78,41.1,21845858,898530525.17,0.1325,-1.6982
2025-01-08,40.95,41.55,40.5,40.88,28457714,1163425590.3,0.1726,-0.5353
2025-01-09,40.5,40.66,39.5,39.57,40424668,1608901505.68,0.2451,-3.2045
2025-01-10,39.5,39.93,38.9,39.18,28488322,1119437482.71,0.1728,-0.9856
2025-01-13,39.23,39.51,38.76,38.89,24330736,950014026.6,0.1475,-0.7402
2025-01-14,39.2,39.32,38.69,39.32,30813871,1202030434.55,0.1869,1.1057
2025-01-15,39.18,39.93,38.96,39.21,29639657,1165666418.07,0.1797,-0.2798
2025-01-16,39.35,39.92,39.05,39.7,31088895,1229326894.51,0.1885,1.2497
2025-01-17,39.68,40.06,39.47,39.61,25120232,998189720.79,0.1523,-0.2267
2025-01-20,39.7,39.7,38.7,38.74,35852623,1401060792.64,0.2174,-2.1964
2025-01-21,38.78,38.88,38.1,38.21,25468980,976524408.97,0.1544,-1.3681
2025-01-22,38.49,38.5,37.91,38.09,23779006,905388714.79,0.1442,-0.3141
2025-01-23,38.35,38.98,38.17,38.41,25459581,983066790.15,0.1544,0.8401
2025-01-24,38.62,39.4,38.2,39.08,36208147,1413648471.59,0.2196,1.7443
2025-01-27,39.1,40.1,39.09,40.0,29457006,1172778344.42,0.1786,2.3541
2025-02-05,40.0,40.0,38.41,38.82,34045080,1320107665.22,0.2064,-2.95
2025-02-06,38.82,38.95,38.41,38.95,21866873,845553759.77,0.1326,0.3349
2025-02-07,38.8,38.97,38.51,38.89,26659225,1033984427.48,0.1617,-0.154
2025-02-10,38.7,38.85,38.46,38.59,23816230,920195361.85,0.1444,-0.7714
2025-02-11,38.54,38.97,38.38,38.55,24355584,940113918.15,0.1477,-0.1037
2025-02-12,38.56,38.56,38.03,38.22,30660311,1172004627.59,0.1859,-0.856
2025-02-13,38.24,38.45,38.02,38.11,29750047,1135577363.17,0.1804,-0.2878
2025-02-14,38.17,38.21,37.92,38.13,28187397,1072369567.3,0.1709,0.0525
2025-02-17,38.1,38.1,37.12,37.28,60759882,2269830442.15,0.3684,-2.2292
2025-02-18,37.0,37.29,36.5,36.61,56134671,2069582588.97,0.3404,-1.7972
2025-02-19,36.62,36.63,36.02,36.1,45129839,1630796518.65,0.2737,-1.3931
2025-02-20,36.0,36.3,35.73,36.21,34844239,1258578036.1,0.2113,0.3047
2025-02-21,36.17,36.24,35.28,35.38,62451008,2226711816.78,0.3787,-2.2922
2025-02-24,35.08,36.1,34.78,35.76,64893459,2295273685.47,0.3935,1.0741
2025-02-25,35.53,36.59,35.44,35.63,63888678,2302146499.93,0.3874,-0.3635
2025-02-26,35.63,36.08,35.33,35.54,33014321,1173949524.16,0.2002,-0.2526
2025-02-27,35.4,35.88,34.85,35.74,46893208,1654587215.06,0.2844,0.5627
2025-02-28,35.68,35.88,35.44,35.45,35589052,1269862723.48,0.2158,-0.8114
2025-03-03,35.58,35.92,35.4,35.54,27862063,991969536.21,0.169,0.2539
2025-03-04,35.4,35.54,35.13,35.35,21458015,757174924.75,0.1301,-0.5346
2025-03-05,35.26,35.73,35.01,35.73,32633112,1157753346.4,0.1979,1.075
2025-03-06,35.69,35.69,35.23,35.49,29250385,1037358453.97,0.1774,-0.6717
2025-03-07,35.49,36.18,35.4,35.89,42731841,1536048908.58,0.2591,1.1271
2025-03-10,35.8,36.52,35.78,36.1,32106046,1160254399.11,0.1947,0.5851
2025-03-11,36.08,36.45,35.8,36.43,31166826,1129340404.95,0.189,0.9141
2025-03-12,36.35,36.35,35.8,35.93,25021551,900264075.79,0.1517,-1.3725
2025-03-13,35.94,37.57,35.93,37.22,84155323,3114970393.46,0.5103,3.5903
2025-03-14,37.1,37.5,37.03,37.17,43887907,1634471986.14,0.2661,-0.1343
2025-03-17,37.16,37.46,37.0,37.03,28785645,1068129158.09,0.1746,-0.3766
2025-03-18,36.98,36.98,36.59,36.68,24126961,886235514.18,0.1463,-0.9452
2025-03-19,36.68,36.91,36.52,36.68,20882110,767221821.72,0.1266,0.0
2025-03-20,36.78,37.15,36.7,36.75,22858993,842745918.6,0.1386,0.1908
2025-03-21,36.62,37.15,36.62,36.62,29294231,1079586880.52,0.1776,-0.3537
2025-03-24,36.9,37.48,36.67,37.12,41665708,1544405603.7,0.2527,1.3654
2025-03-25,37.12,38.1,36.97,37.75,58279682,2200409006.25,0.3534,1.6972
2025-03-26,37.76,38.13,37.45,38.03,36848469,1394470415.39,0.2234,0.7417
2025-03-27,37.94,38.27,37.79,37.98,23202680,881573785.42,0.1407,-0.1315
2025-03-28,37.89,37.99,37.6,37.83,18915606,714429528.2,0.1147,-0.3949
2025-03-31,37.72,38.37,37.64,38.35,35510316,1357153701.88,0.2153,1.3746
2025-04-01,38.29,38.76,38.25,38.65,23504026,905765298.14,0.1425,0.7823
2025-04-02,38.74,38.74,38.31,38.65,19421142,748315610.08,0.1178,0.0
2025-04-03,38.22,39.03,38.21,38.96,24685855,957488778.38,0.1497,0.8021
2025-04-07,38.02,38.48,36.8,37.34,71366078,2684873022.12,0.4328,-4.1581
2025-04-08,37.75,39.18,37.38,39.18,64116748,2457862920.02,0.3888,4.9277
2025-04-09,38.87,39.67,38.4,39.46,63588646,2469482497.91,0.3856,0.7147
2025-04-10,39.23,39.23,38.04,38.99,47185190,1823708647.19,0.2861,-1.1911
2025-04-11,38.88,38.89,37.81,38.02,38592757,1470833236.22,0.234,-2.4878
2025-04-14,37.98,38.71,37.66,38.6,32344371,1238152681.7,0.1961,1.5255
2025-04-15,38.34,38.86,38.33,38.6,24579300,947572629.44,0.149,0.0
2025-04-16,38.59,39.46,38.3,39.46,41901417,1630151246.47,0.2541,2.228
2025-04-17,39.31,39.31,38.88,39.28,19005768,742397104.79,0.1152,-0.4562
2025-04-18,39.04,39.51,38.83,39.2,22023137,863447709.02,0.1335,-0.2037
2025-04-21,39.14,39.43,38.76,38.92,20496036,797965740.43,0.1243,-0.7143
2025-04-22,38.79,39.11,38.64,38.64,17289168,670997226.05,0.1048,-0.7194
2025-04-23,38.61,38.76,38.4,38.54,18606625,717240300.83,0.1128,-0.2588
2025-04-24,38.5,39.02,38.45,38.94,23694561,921343274.24,0.1437,1.0379
2025-04-25,38.81,38.85,38.4,38.68,24743468,954072787.06,0.15,-0.6677
2025-04-28,37.96,38.33,37.09,38.0,46487659,1756521483.15,0.2819,-1.758
2025-04-29,37.85,38.28,37.74,38.27,21136799,804322897.55,0.1282,0.7105
2025-04-30,38.2,38.58,37.75,38.3,22259772,850773300.18,0.135,0.0784
2025-05-06,38.5,38.5,37.91,38.35,21263342,812258210.06,0.1289,0.1305
2025-05-07,39.35,39.35,38.2,38.78,22750087,875910398.24,0.138,1.1213
